ebas_nasa_ames_betsy/US0035R.20100101000000.20190131170718.aerosol_light_scattering_coefficient.pm10.1y.1h.lev2.nas
91 1001
Sheridan, Patrick
US06L, National Oceanic and Atmospheric Administration/Earth System Research Laboratory/Global Monitoring Division, NOAA/ESRL/GMD, , 325 Broadway, , 80305, "Boulder, CO", USA
Sheridan, Patrick
GAW-WDCA NOAA-ESRL
1 1
2010 01 01 2019 01 31
0.041667
Days from the file reference point (start_time)
25
1 1 1 1 1 1 1 1 1 1 1 1 1 1 1 1 1 1 1 1 1 1 1 1 1
9999.999999 9999 9999 9999.99 9999.99 9999.99 9999.99 9999.99 9999.99 9999.99 9999.99 9999.99 9999.99 9999.99 9999.99 9999.99 9999.99 9999.99 9999.99 9999.99 9999.99 9999.99 9999.99 9999.99 9.999999999999999
end_time of measurement, days from the file reference point
start_time of measurement, year
end_time of measurement, year
pressure, hPa, Location=instrument internal, Matrix=instrument
temperature, K, Location=instrument internal, Matrix=instrument
relative_humidity, %, Location=instrument internal, Matrix=instrument
aerosol_light_scattering_coefficient, 1/Mm, Wavelength=450 nm
aerosol_light_scattering_coefficient, 1/Mm, Wavelength=550 nm
aerosol_light_scattering_coefficient, 1/Mm, Wavelength=700 nm
aerosol_light_backscattering_coefficient, 1/Mm, Wavelength=450 nm
aerosol_light_backscattering_coefficient, 1/Mm, Wavelength=550 nm
aerosol_light_backscattering_coefficient, 1/Mm, Wavelength=700 nm
aerosol_light_scattering_coefficient, 1/Mm, Wavelength=450 nm, Statistics=percentile:15.87
aerosol_light_scattering_coefficient, 1/Mm, Wavelength=550 nm, Statistics=percentile:15.87
aerosol_light_scattering_coefficient, 1/Mm, Wavelength=700 nm, Statistics=percentile:15.87
aerosol_light_backscattering_coefficient, 1/Mm, Wavelength=450 nm, Statistics=percentile:15.87
aerosol_light_backscattering_coefficient, 1/Mm, Wavelength=550 nm, Statistics=percentile:15.87
aerosol_light_backscattering_coefficient, 1/Mm, Wavelength=700 nm, Statistics=percentile:15.87
aerosol_light_scattering_coefficient, 1/Mm, Wavelength=450 nm, Statistics=percentile:84.13
aerosol_light_scattering_coefficient, 1/Mm, Wavelength=550 nm, Statistics=percentile:84.13
aerosol_light_scattering_coefficient, 1/Mm, Wavelength=700 nm, Statistics=percentile:84.13
aerosol_light_backscattering_coefficient, 1/Mm, Wavelength=450 nm, Statistics=percentile:84.13
aerosol_light_backscattering_coefficient, 1/Mm, Wavelength=550 nm, Statistics=percentile:84.13
aerosol_light_backscattering_coefficient, 1/Mm, Wavelength=700 nm, Statistics=percentile:84.13
numflag
0
52
Data definition:              EBAS_1.1
Set type code:                TU
Station code:                 US0035R
Platform code:                US0035S
Timezone:                     UTC
Startdate:                    20100101000000
Timeref:                      00_00
Revision date:                20190131170718
Component:                    aerosol_light_scattering_coefficient
Unit:                         1/Mm
Matrix:                       pm10
Period code:                  1y
Resolution code:              1h
Sample duration:              1h
Laboratory code:              US06L
Instrument type:              nephelometer
Instrument manufacturer:      TSI
Instrument model:             3563
Instrument name:              TSI_3563_BND
Instrument serial number:     1045
Method ref:                   US06L_scat_coef
[...]
Data level:                   2
Version:                      1
Version description:          Version numbering not tracked, generated by CPD3 EBAS Export v21-39-g22761e9 run as da.output.ebas (30489) run by hageman on aero.cmdl.noaa.gov via da.output.ebas --type=Neph_L2_PM10 bnd 2010
Measurement height:           10m
Inlet type:                   Impactor--direct
Inlet description:            Switched impactor at 10 um
Humidity/temperature control: Heating to 40% RH, limit 40 deg. C
Volume std. temperature:      273.15K
Volume std. pressure:         1013.25hPa
Detection limit:              0.4 1/Mm
Detection limit expl.:        Determined by instrument noise on filtered air (2 standard deviations), no detection limit flag used
Zero/negative values code:    Zero/negative possible
Zero/negative values:         Zero and neg. values may appear due to statistical variations at very low concentrations
Standard method:              cal-gas=CO2+AIR_truncation-correction=Anderson1998
Comment:                      Standard Anderson & Ogren 1998 values used for truncation correction
Acknowledgement:              Request acknowledgement details from data originator
Station GAW-Name:             Bondville, Illinois
 start_time    end_time st_y ed_y   p_int   T_int  RH_int   sc450   sc550   sc700  bsc450  bsc550  bsc700 sc450pc16 sc550pc16 sc700pc16 bsc450pc16 bsc550pc16 bsc700pc16 sc450pc84 sc550pc84 sc700pc84 bsc450pc84 bsc550pc84 bsc700pc84           numflag
[from data line 2305]
  96.041667   96.083333 2010 2010  974.31  309.76   25.13   46.69   34.51   25.53    5.68    4.64    4.24     45.27     33.57     24.56       5.31       4.43       3.96     47.90     35.35     26.44       6.20       4.86       4.56 0.000000000000000
  96.083333   96.125000 2010 2010  974.55  308.67   26.54   49.29   37.47   27.75    5.66    4.85    4.60     48.04     36.52     27.08       5.15       4.63       4.21     50.55     38.23     28.35       6.30       5.05       4.87 0.000000000000000
  96.125000   96.166667 2010 2010  974.59  307.73   28.50   52.39   39.52   29.53    5.13    4.95    4.53     51.30     38.71     28.59       4.63       4.72       4.28     53.24     40.23     30.44       5.59       5.14       4.71 0.000000000000000
  96.166667   96.208333 2010 2010  974.89  307.25   29.48   53.77   40.07   29.42    5.51    5.01    4.90     52.22     39.51     28.68       5.16       4.79       4.70     54.98     40.52     30.06       5.87       5.30       5.14 0.000000000000000
  96.208333   96.250000 2010 2010  974.89  307.02   29.97   50.67   37.32   27.13    4.94    4.58    4.15     50.16     37.06     26.64       4.53       4.41       4.00     51.97     37.79     27.64       5.23       4.77       4.31 0.000000000000000
  96.250000   96.291667 2010 2010  974.79  306.86   30.30   49.48   36.97   26.56    5.16    4.26    4.38     48.56     36.17     25.87       4.81       4.05       4.16     50.11     37.61     27.05       5.43       4.53       4.59 0.000000000000000
  96.291667   96.333333 2010 2010  974.35  306.67   30.16   47.38   35.55   25.36    4.78    4.49    4.06     46.15     34.92     24.86       4.19       4.37       3.82     48.30     36.17     26.01       5.37       4.67       4.35 0.000000000000000
  96.333333   96.375000 2010 2010  974.65  306.33   30.53   48.28   35.68   25.50    4.83    4.23    4.07     47.14     35.04     25.23       4.31       4.05       3.63     49.12     36.31     26.23       5.29       4.41       4.30 0.000000000000000
  96.375000   96.416667 2010 2010  974.53  305.96   31.12   49.02   35.98   25.65    4.83    4.18    4.01     47.87     35.47     24.98       4.28       4.08       3.74     49.54     36.35     26.39       5.40       4.34       4.24 0.000000000000000
  96.416667   96.458333 2010 2010  975.17  305.67   31.86   48.45   35.75   25.35    4.89    4.21    4.02     47.72     35.23     24.72       4.55       3.93       3.83     49.47     36.24     25.74       5.19       4.43       4.24 0.000000000000000
  96.458333   96.500000 2010 2010  976.91  305.33   31.89   40.94   29.97   21.27    4.33    3.59    3.50     29.67     22.16     16.70       3.11       2.54       2.40     51.67     37.10     26.36       5.69       4.61       4.63 0.000000000000000
  96.500000   96.541667 2010 2010  976.76  304.65   33.00   22.80   17.30   12.59    2.17    2.00    1.73     21.61     16.65     11.66       1.71       1.82       1.40     24.39     18.21     13.50       2.56       2.18       2.02 0.000000000000000
  96.541667   96.583333 2010 2010  976.72  304.42   34.43   21.48   16.35   11.81    2.12    1.76    1.71     19.08     14.50     10.64       1.64       1.52       1.45     24.22     18.68     12.84       2.63       2.07       2.05 0.000000000000000
  96.583333   96.625000 2010 2010  976.38  304.69   33.29   20.46   15.07   10.92    1.95    1.71    1.77     17.87     12.95      9.34       1.45       1.53       1.48     23.45     17.61     12.63       2.40       1.89       2.03 0.000000000000000
  96.625000   96.666667 2010 2010  976.51  305.55   33.86   35.71   26.08   18.85    4.00    3.32    3.18     29.93     21.83     15.68       3.34       2.79       2.73     39.41     28.67     20.90       4.50       3.68       3.71 0.000000000000000
  96.666667   96.708333 2010 2010  976.20  305.95   34.54   53.66   39.64   28.63    5.71    4.73    4.28     49.95     36.75     26.30       5.28       4.28       3.90     57.60     42.72     31.03       6.19       5.09       4.56 0.000000000000000
  96.708333   96.750000 2010 2010  975.94  305.81   37.07   64.00   46.75   33.17    6.51    5.43    5.18     62.14     44.84     31.66       6.07       5.18       4.98     66.16     48.63     34.24       6.90       5.65       5.49 0.000000000000000
  96.750000   96.791667 2010 2010  974.87  305.80   37.41   72.48   52.61   37.12    7.06    6.16    5.46     69.94     50.62     35.81       6.37       5.90       5.24     74.77     54.41     38.91       7.72       6.44       5.65 0.000000000000000
  96.791667   96.833333 2010 2010  974.32  306.28   37.04   76.03   55.22   38.62    7.27    6.18    5.73     74.34     54.45     37.81       6.80       6.00       5.47     76.93     56.18     39.40       7.66       6.37       5.96 0.000000000000000
  96.833333   96.875000 2010 2010  974.10  306.37   36.03   74.09   53.30   36.87    6.98    6.10    5.53     65.33     46.97     32.32       6.25       5.67       4.79     78.72     57.09     39.91       7.71       6.55       6.17 0.000000000000000
  96.875000   96.916667 2010 2010  973.45  305.92   37.54   54.74   39.43   26.36    5.21    4.61    4.01     39.08     27.78     18.69       3.80       3.29       2.98     70.38     50.82     33.90       6.65       5.94       5.07 0.000000000000000
  96.916667   96.958333 2010 2010  973.96  306.07   35.90   47.48   33.96   23.51    4.69    4.13    3.47     46.05     33.05     23.16       4.13       3.93       3.27     47.48     34.22     23.75       5.14       4.28       3.72 0.390456000000000
  96.958333   97.000000 2010 2010  973.92  305.07   29.59 9999.99 9999.99 9999.99 9999.99 9999.99 9999.99     55.84     40.41     27.32       5.14       4.02       3.88     56.37     40.64     27.88       5.61       4.36       4.17 0.000000000000000
  97.000000   97.041667 2010 2010  974.38  303.95   29.79   31.23   22.15   14.44    3.38    2.41    2.32     19.67     13.09      8.05       2.39       1.40       1.54     47.86     34.93     23.61       4.91       3.57       3.27 0.000000000000000
  97.041667   97.083333 2010 2010  975.67  303.49   25.47   11.42    7.94    5.48    1.15    1.07    0.78     10.64      7.28      4.99       0.72       0.91       0.59     11.59      8.41      5.80       1.54       1.28       0.95 0.000000000000000
  97.083333   97.125000 2010 2010  976.07  302.44   27.12   12.81    8.87    5.85    0.78    1.18    0.84     12.36      8.42      5.60       0.23       1.02       0.63     13.31      9.09      6.09       1.18       1.31       1.06 0.000000000000000
  97.125000   97.166667 2010 2010  975.82  301.36   28.61   14.86   10.30    6.87    1.66    1.29    1.22     11.61      8.25      5.74       1.26       1.08       0.91     17.19     11.89      7.84       1.94       1.54       1.47 0.000000000000000
  97.166667   97.208333 2010 2010  975.60  300.26   28.59   11.31    8.04    5.11    0.90    0.93    0.96     10.35      7.20      4.58       0.32       0.70       0.74     12.46      9.06      5.56       1.27       1.12       1.12 0.000000000000000
  97.208333   97.250000 2010 2010  975.51  300.19   28.57   18.99   12.30    7.04    1.46    1.49    1.11     12.20      8.13      5.12       0.75       0.97       0.75     23.88     15.13      8.50       2.06       1.87       1.44 0.000000000000000
  97.250000   97.291667 2010 2010  975.11  299.96   29.57   28.51   17.94   10.22    2.99    2.14    1.84     21.24     13.22      7.95       2.08       1.66       1.31     35.95     22.58     12.88       3.87       2.62       2.37 0.000000000000000
  97.291667   97.333333 2010 2010  975.93  299.64   29.03   39.77   24.95   14.29    3.43    2.86    2.87     38.70     23.81     13.36       3.05       2.47       2.67     41.54     25.95     15.09       3.73       3.30       3.04 0.000000000000000
  97.333333   97.375000 2010 2010  976.74  299.35   26.35   21.19   13.47    8.33    2.58    1.93    1.76     17.23     10.83      6.33       2.08       1.60       1.52     29.29     18.57     11.23       3.19       2.19       2.16 0.000000000000000
  97.375000   97.416667 2010 2010  977.47  299.46   24.21    7.73    4.85    2.71    0.91    0.65    0.81      6.36      4.04      2.32       0.46       0.36       0.62      8.93      5.39      3.12       1.34       0.93       0.99 0.000000000000000
  97.416667   97.458333 2010 2010  977.70  299.05   22.46    6.74    4.25    2.30    1.04    0.61    0.69      3.36      2.45      1.40       0.36       0.26       0.43     11.03      6.75      3.45       1.66       1.07       0.98 0.000000000000000
  97.458333   97.500000 2010 2010  978.74  298.79   20.13    6.06    3.85    2.14    0.93    0.64    0.69      4.72      2.95      1.57       0.50       0.43       0.45      7.45      4.89      2.71       1.41       0.87       0.93 0.000000000000000
  97.500000   97.541667 2010 2010  979.73  298.81   20.55    6.97    4.40    2.69    0.79    0.56    0.45      4.90      2.99      1.88       0.36       0.36       0.14      8.93      5.90      3.47       1.08       0.77       0.72 0.000000000000000
  97.541667   97.583333 2010 2010  980.09  298.91   20.54    9.34    5.88    3.74    0.98    0.92    0.68      8.47      5.16      3.25       0.52       0.73       0.46     10.13      6.10      3.74       1.48       1.08       0.86 0.000000000000000
  97.583333   97.625000 2010 2010  980.64  298.65   22.00   12.50    7.81    4.33    1.78    1.21    0.91     11.52      7.16      3.83       1.34       1.03       0.74     12.97      8.34      4.87       2.16       1.33       1.10 0.000000000000000
  97.625000   97.666667 2010 2010  981.06  299.18   20.02   13.25    8.41    4.97    1.88    1.55    1.20     11.77      7.60      4.66       1.34       1.34       1.01     14.82      9.26      5.22       2.56       1.72       1.45 0.000000000000000
  97.666667   97.708333 2010 2010  981.36  299.41   16.83   11.29    7.51    4.66    1.44    1.21    1.24     10.62      6.97      4.08       0.99       0.98       1.00     11.91      7.79      4.96       1.92       1.45       1.49 0.000000000000000
  97.708333   97.750000 2010 2010  981.39  299.73   16.25   15.63   10.84    7.52    2.28    1.81    1.40     13.43      8.62      5.82       1.75       1.47       1.00     18.01     11.62      7.62       2.94       1.97       1.63 0.000000000000000
  97.750000   97.791667 2010 2010  981.31  299.49   17.16   17.21   11.51    7.47    2.37    1.99    1.39     14.74     10.08      6.66       1.81       1.64       1.14     20.01     12.96      8.13       2.95       2.21       1.64 0.000000000000000
  97.791667   97.833333 2010 2010  981.14  299.26   15.02   13.15    9.11    5.95    1.80    1.44    1.35     11.83      8.11      4.77       1.36       1.14       1.01     13.48      9.14      5.95       2.21       1.63       1.52 0.000000000000000
  97.833333   97.875000 2010 2010  981.24  299.50   14.94   11.00    7.74    5.14    1.66    1.39    1.02     10.31      7.05      4.40       1.07       1.14       0.77     11.65      7.96      5.19       2.04       1.56       1.20 0.000000000000000
  97.875000   97.916667 2010 2010  981.91  299.58   15.42   11.92    8.67    6.01    1.68    1.47    1.28      9.71      6.95      4.27       0.90       1.09       0.89     12.54      8.67      6.01       1.97       1.47       1.30 0.000000000000000
  97.916667   97.958333 2010 2010  982.61  299.51   16.04   10.34    6.90    4.62    1.99    1.14    0.89      9.37      6.20      4.04       1.58       0.92       0.69     10.61      6.97      4.62       2.33       1.26       1.04 0.000000000000000
  97.958333   98.000000 2010 2010  983.23  299.19   16.46    8.89    6.12    4.12    1.26    1.17    0.82      8.12      5.65      3.69       0.71       1.00       0.66      9.64      6.79      4.57       1.63       1.34       1.00 0.000000000000000
  98.000000   98.041667 2010 2010  983.58  299.29   17.08   10.11    6.77    4.22    1.58    1.06    0.96      8.75      6.06      3.79       1.21       0.83       0.80     11.31      7.66      4.68       2.01       1.24       1.18 0.000000000000000
  98.041667   98.083333 2010 2010  984.10  299.16   17.17   10.65    7.22    5.04    1.43    1.33    1.22      9.64      6.48      4.35       0.77       1.16       0.96     11.65      7.62      5.06       1.96       1.52       1.42 0.000000000000000
  98.083333   98.125000 2010 2010  984.43  299.37   16.81   11.99    7.89    4.78    1.89    1.30    0.87     11.51      7.68      4.43       1.33       1.17       0.66     12.96      8.11      5.13       2.36       1.44       1.09 0.000000000000000
  98.125000   98.166667 2010 2010  984.71  299.14   16.77   12.19    7.86    4.97    1.48    1.46    1.04     11.53      7.61      4.38       1.08       1.24       0.81     13.06      8.29      5.48       1.77       1.65       1.29 0.000000000000000
  98.166667   98.208333 2010 2010  984.99  299.40   16.80   12.90    8.65    5.43    1.99    1.40    1.11     11.21      7.75      4.71       1.61       1.23       0.86     13.64      9.41      6.05       2.45       1.62       1.40 0.000000000000000
  98.208333   98.250000 2010 2010  985.34  299.09   17.49   13.59    9.11    5.35    2.12    1.63    0.93     12.87      8.60      4.41       1.76       1.41       0.82     14.61      9.61      5.99       2.41       1.82       1.11 0.000000000000000
  98.250000   98.291667 2010 2010  985.79  299.25   17.56   13.22    8.83    5.60    1.60    1.55    1.23     12.23      8.34      5.15       1.15       1.35       0.95     13.86      9.26      5.98       2.03       1.72       1.51 0.000000000000000
  98.291667   98.333333 2010 2010  985.89  299.20   17.49   19.29   13.23    8.68    2.37    1.93    1.63     15.41     10.40      6.99       1.82       1.60       1.27     22.97     16.07     10.82       3.02       2.47       1.90 0.000000000000000
  98.333333   98.375000 2010 2010  986.34  299.00   17.51   19.10   12.54    7.99    2.28    1.91    1.62     17.76     11.68      7.46       1.84       1.76       1.33     20.01     13.32      8.72       2.64       2.11       1.99 0.000000000000000
  98.375000   98.416667 2010 2010  986.88  299.24   16.93   16.22   10.43    6.61    1.99    1.61    1.50     15.50      9.72      6.12       1.73       1.45       1.30     17.08     11.06      7.23       2.21       1.74       1.74 0.000000000000000
  98.416667   98.458333 2010 2010  987.46  299.16   16.67   16.62   11.01    6.85    2.22    1.76    1.51     16.10     10.45      6.36       1.85       1.59       1.28     17.17     11.39      7.35       2.61       1.97       1.72 0.000000000000000
  98.458333   98.500000 2010 2010  988.13  298.93   16.71   18.82   12.22    7.29    2.16    1.98    1.50     17.35     11.31      6.69       1.70       1.77       1.37     20.69     13.38      7.79       2.62       2.17       1.70 0.000000000000000
  98.500000   98.541667 2010 2010  989.06  299.11   18.29   27.20   17.76   10.42    2.91    2.38    2.20     24.91     16.24      9.65       2.30       2.12       1.92     30.55     19.85     11.60       3.44       2.63       2.59 0.000000000000000
  98.541667   98.583333 2010 2010  989.77  298.92   18.54   23.81   15.60    9.61    2.72    2.06    2.09     20.19     12.89      8.26       2.26       1.81       1.86     28.11     18.58     11.30       3.14       2.37       2.35 0.000000000000000
  98.583333   98.625000 2010 2010  990.18  299.44   16.11   25.46   17.07   10.98    2.83    2.44    2.12     23.00     15.33      9.82       2.54       2.11       1.89     28.17     18.78     11.83       3.29       2.79       2.43 0.000000000000000
  98.625000   98.666667 2010 2010  990.47  299.26   12.71   19.52   13.13    8.21    2.20    1.79    1.80     17.81     11.54      7.11       1.82       1.66       1.62     21.28     14.61      8.97       2.53       2.11       1.97 0.000000000000000
