ebas_nasa_ames_betsy/US0035R.20100101000000.20190131170718.aerosol_light_scattering_coefficient.pm10.1y.1h.lev2.nas
91 1001
Sheridan, Patrick
US06L, National Oceanic and Atmospheric Administration/Earth System Research Laboratory/Global Monitoring Division, NOAA/ESRL/GMD, , 325 Broadway, , 80305, "Boulder, CO", USA
Sheridan, Patrick
GAW-WDCA NOAA-ESRL
1 1
2010 01 01 2019 01 31
0.041667
Days from the file reference point (start_time)
25
1 1 1 1 1 1 1 1 1 1 1 1 1 1 1 1 1 1 1 1 1 1 1 1 1
9999.999999 9999 9999 9999.99 9999.99 9999.99 9999.99 9999.99 9999.99 9999.99 9999.99 9999.99 9999.99 9999.99 9999.99 9999.99 9999.99 9999.99 9999.99 9999.99 9999.99 9999.99 9999.99 9999.99 9.999999999999999
end_time of measurement, days from the file reference point
start_time of measurement, year
end_time of measurement, year
pressure, hPa, Location=instrument internal, Matrix=instrument
temperature, K, Location=instrument internal, Matrix=instrument
relative_humidity, %, Location=instrument internal, Matrix=instrument
aerosol_light_scattering_coefficient, 1/Mm, Wavelength=450 nm
aerosol_light_scattering_coefficient, 1/Mm, Wavelength=550 nm
aerosol_light_scattering_coefficient, 1/Mm, Wavelength=700 nm
aerosol_light_backscattering_coefficient, 1/Mm, Wavelength=450 nm
aerosol_light_backscattering_coefficient, 1/Mm, Wavelength=550 nm
aerosol_light_backscattering_coefficient, 1/Mm, Wavelength=700 nm
aerosol_light_scattering_coefficient, 1/Mm, Wavelength=450 nm, Statistics=percentile:15.87
aerosol_light_scattering_coefficient, 1/Mm, Wavelength=550 nm, Statistics=percentile:15.87
aerosol_light_scattering_coefficient, 1/Mm, Wavelength=700 nm, Statistics=percentile:15.87
aerosol_light_backscattering_coefficient, 1/Mm, Wavelength=450 nm, Statistics=percentile:15.87
aerosol_light_backscattering_coefficient, 1/Mm, Wavelength=550 nm, Statistics=percentile:15.87
aerosol_light_backscattering_coefficient, 1/Mm, Wavelength=700 nm, Statistics=percentile:15.87
aerosol_light_scattering_coefficient, 1/Mm, Wavelength=450 nm, Statistics=percentile:84.13
aerosol_light_scattering_coefficient, 1/Mm, Wavelength=550 nm, Statistics=percentile:84.13
aerosol_light_scattering_coefficient, 1/Mm, Wavelength=700 nm, Statistics=percentile:84.13
aerosol_light_backscattering_coefficient, 1/Mm, Wavelength=450 nm, Statistics=percentile:84.13
aerosol_light_backscattering_coefficient, 1/Mm, Wavelength=550 nm, Statistics=percentile:84.13
aerosol_light_backscattering_coefficient, 1/Mm, Wavelength=700 nm, Statistics=percentile:84.13
numflag
0
52
Data definition:              EBAS_1.1
Set type code:                TU
Station code:                 US0035R
Platform code:                US0035S
Timezone:                     UTC
Startdate:                    20100101000000
Timeref:                      00_00
Revision date:                20190131170718
Component:                    aerosol_light_scattering_coefficient
Unit:                         1/Mm
Matrix:                       pm10
Period code:                  1y
Resolution code:              1h
Sample duration:              1h
Laboratory code:              US06L
Instrument type:              nephelometer
Instrument manufacturer:      TSI
Instrument model:             3563
Instrument name:              TSI_3563_BND
Instrument serial number:     1045
Method ref:                   US06L_scat_coef
[...]
Data level:                   2
Version:                      1
Version description:          Version numbering not tracked, generated by CPD3 EBAS Export v21-39-g22761e9 run as da.output.ebas (30489) run by hageman on aero.cmdl.noaa.gov via da.output.ebas --type=Neph_L2_PM10 bnd 2010
Measurement height:           10m
Inlet type:                   Impactor--direct
Inlet description:            Switched impactor at 10 um
Humidity/temperature control: Heating to 40% RH, limit 40 deg. C
Volume std. temperature:      273.15K
Volume std. pressure:         1013.25hPa
Detection limit:              0.4 1/Mm
Detection limit expl.:        Determined by instrument noise on filtered air (2 standard deviations), no detection limit flag used
Zero/negative values code:    Zero/negative possible
Zero/negative values:         Zero and neg. values may appear due to statistical variations at very low concentrations
Standard method:              cal-gas=CO2+AIR_truncation-correction=Anderson1998
Comment:                      Standard Anderson & Ogren 1998 values used for truncation correction
Acknowledgement:              Request acknowledgement details from data originator
Station GAW-Name:             Bondville, Illinois
 start_time    end_time st_y ed_y   p_int   T_int  RH_int   sc450   sc550   sc700  bsc450  bsc550  bsc700 sc450pc16 sc550pc16 sc700pc16 bsc450pc16 bsc550pc16 bsc700pc16 sc450pc84 sc550pc84 sc700pc84 bsc450pc84 bsc550pc84 bsc700pc84           numflag
[from data line 3393]
 141.375000  141.416667 2010 2010  984.54  301.68   43.44  189.19  149.29  106.04   14.80   11.91   11.19    183.86    145.09    102.62      14.31      11.69      10.78    194.19    153.55    109.57      15.24      12.06      11.47 0.000000000000000
 141.416667  141.458333 2010 2010  985.36  301.26   41.85  133.68  101.37   69.49   10.92    8.40    7.75     71.18     48.41     29.00       6.29       4.74       4.15    195.78    154.31    110.03      15.64      12.14      11.45 0.000000000000000
 141.458333  141.500000 2010 2010  986.13  300.98   43.55   76.76   53.61   32.91    6.54    5.03    4.40     68.31     46.90     28.29       5.83       4.59       3.98     83.93     59.07     37.04       7.24       5.41       4.78 0.000000000000000
 141.500000  141.541667 2010 2010  986.81  301.00   46.42  104.32   76.64   49.31    8.26    6.29    5.76     99.27     71.95     46.12       7.84       5.84       5.40    112.08     82.44     52.59       8.85       6.78       6.20 0.000000000000000
 141.541667  141.583333 2010 2010  987.43  301.13   48.21   95.67   71.81   49.02    7.69    6.24    5.83     85.70     64.61     43.50       7.02       5.82       5.27    101.36     76.90     52.78       8.39       6.62       6.46 0.000000000000000
 141.583333  141.625000 2010 2010  987.80  302.24   45.71   90.69   67.05   44.13    7.57    5.95    5.32     86.97     64.13     42.77       7.13       5.73       5.12     94.86     69.58     45.47       8.01       6.19       5.54 0.000000000000000
 141.625000  141.666667 2010 2010  988.27  303.91   40.78   85.96   62.09   40.12    7.33    5.63    4.91     77.54     55.71     35.73       6.66       5.16       4.55     95.32     69.72     45.43       8.02       6.16       5.45 0.000000000000000
 141.666667  141.708333 2010 2010  988.51  305.69   36.56   73.50   52.42   33.35    6.27    5.07    4.39     71.81     51.30     32.11       5.64       4.82       4.15     76.01     54.29     35.02       6.75       5.33       4.68 0.000000000000000
 141.708333  141.750000 2010 2010  988.60  307.09   33.70   68.86   49.00   30.87    5.74    4.71    4.17     63.16     45.70     28.95       5.06       4.41       3.84     71.96     50.95     32.60       6.23       5.06       4.48 0.000000000000000
 141.750000  141.791667 2010 2010  988.56  308.44   31.33  101.55   71.16   44.07    8.68    6.70    6.04     89.94     64.35     40.66       7.98       5.96       5.56    111.80     77.65     48.17       9.35       7.42       6.45 0.000000000000000
 141.791667  141.833333 2010 2010  988.34  309.57   28.66   61.78   42.24   25.75    5.56    4.40    3.85     57.67     39.70     24.32       5.05       4.08       3.48     66.59     46.35     27.93       6.03       4.77       4.17 0.000000000000000
 141.833333  141.875000 2010 2010  987.96  310.34   28.11   52.95   36.91   22.95    4.66    3.96    3.43     51.85     35.78     22.03       4.40       3.79       3.18     54.29     38.21     24.43       5.00       4.15       3.73 0.000000000000000
 141.875000  141.916667 2010 2010  987.46  311.06   27.26   47.47   33.47   21.04    4.73    3.52    3.07     44.29     30.68     19.77       4.41       3.33       2.80     49.53     35.33     22.22       5.22       3.73       3.38 0.000000000000000
 141.916667  141.958333 2010 2010  987.05  311.45   26.48   37.19   26.38   16.76    3.63    2.74    2.40     35.34     25.18     15.90       3.22       2.59       2.09     38.60     27.80     17.71       3.98       2.94       2.66 0.000000000000000
 141.958333  142.000000 2010 2010  986.81  311.49   27.29   36.47   25.88   16.01    3.68    2.81    2.62     33.39     23.50     14.49       3.15       2.61       2.40     40.10     28.73     17.71       4.06       3.02       2.88 0.000000000000000
 142.000000  142.041667 2010 2010  986.93  311.09   29.79   40.49   28.13   17.87    4.15    3.28    2.95     36.27     24.98     15.94       3.76       2.95       2.61     44.28     30.74     19.78       4.68       3.57       3.26 0.000000000000000
 142.041667  142.083333 2010 2010  987.01  310.15   31.74   59.76   40.16   24.23    6.20    4.72    3.96     47.55     32.61     20.99       5.12       3.81       3.35     67.52     45.19     26.95       7.09       5.41       4.61 0.000000000000000
 142.083333  142.125000 2010 2010  987.16  309.03   33.33   48.46   32.60   19.83    5.02    4.27    3.56     38.83     26.80     16.54       4.25       3.60       3.02     59.59     39.19     23.87       5.96       5.08       3.97 0.000000000000000
 142.125000  142.166667 2010 2010  987.02  307.88   34.52   32.51   22.16   13.57    3.96    2.96    2.44     31.71     21.60     13.12       3.76       2.78       2.23     33.87     22.98     14.09       4.18       3.16       2.72 0.000000000000000
 142.166667  142.208333 2010 2010  986.53  306.87   35.88   29.08   20.02   13.09    3.60    2.73    2.21     27.77     19.17     12.18       3.14       2.55       2.03     30.62     21.24     13.94       3.90       2.91       2.46 0.000000000000000
 142.208333  142.250000 2010 2010  986.31  305.95   36.88   27.94   18.95   12.32    4.01    2.86    2.38     26.39     18.27     11.76       3.51       2.56       2.09     29.45     19.63     12.92       4.42       3.07       2.67 0.000000000000000
 142.250000  142.291667 2010 2010  985.94  305.21   37.85   34.28   22.99   14.20    4.74    3.56    2.78     33.60     22.71     13.59       4.22       3.36       2.60     35.23     23.31     14.62       5.21       3.82       2.99 0.000000000000000
 142.291667  142.333333 2010 2010  985.90  304.63   39.26   35.28   23.32   14.74    5.19    3.74    2.90     34.51     22.66     14.24       4.86       3.64       2.68     35.64     23.98     15.34       5.51       3.89       3.08 0.000000000000000
 142.333333  142.375000 2010 2010  986.09  304.32   39.87   39.22   26.20   16.44    5.42    3.99    3.04     37.45     24.96     15.55       5.05       3.77       2.80     41.41     27.49     17.38       5.75       4.20       3.29 0.000000000000000
 142.375000  142.416667 2010 2010  986.43  304.01   41.03   43.20   29.02   18.35    5.75    4.55    3.60     42.37     28.57     17.78       5.34       4.44       3.43     43.86     29.26     18.76       6.12       4.67       3.79 0.000000000000000
 142.416667  142.458333 2010 2010  987.00  303.73   42.25   45.05   29.90   18.02    6.07    4.56    3.42     44.11     29.47     17.78       5.69       4.44       3.19     46.18     30.51     18.34       6.45       4.72       3.69 0.000000000000000
 142.458333  142.500000 2010 2010  987.66  303.62   43.94   46.71   31.01   19.06    6.35    4.69    3.81     45.66     30.29     18.67       6.06       4.55       3.63     47.09     31.45     19.47       6.69       4.83       3.98 0.000000000000000
 142.500000  142.541667 2010 2010  988.29  303.80   46.99   53.63   35.78   22.17    7.28    5.20    3.97     49.63     33.26     20.15       6.68       4.99       3.69     56.20     37.98     23.73       7.74       5.47       4.20 0.000000000000000
 142.541667  142.583333 2010 2010  988.03  304.29   51.03   68.95   46.83   29.29    7.90    5.95    5.11     64.67     43.86     27.58       7.44       5.82       4.95     73.01     49.23     30.94       8.38       6.14       5.39 0.000000000000000
 142.583333  142.625000 2010 2010  988.06  303.85   56.49   81.33   55.23   34.67    8.59    6.55    5.49     77.38     52.83     33.13       8.20       6.41       5.17     85.24     57.33     35.93       8.99       6.75       5.83 0.000000000000000
 142.625000  142.666667 2010 2010  988.15  304.08   56.94   77.55   52.71   33.22    7.44    6.00    5.15     73.67     50.11     31.58       7.10       5.57       4.78     80.84     55.21     34.93       7.94       6.39       5.36 0.000000000000000
 142.666667  142.708333 2010 2010  988.14  304.81   51.70   65.49   44.50   27.69    6.76    5.07    4.65     62.64     42.76     26.34       6.40       4.80       4.27     69.42     47.86     29.38       7.19       5.50       4.98 0.000000000000000
 142.708333  142.750000 2010 2010  987.93  305.47   48.65   69.12   46.54   28.46    6.73    5.51    4.89     66.20     45.27     27.39       6.29       5.30       4.66     71.89     48.57     29.92       7.20       5.81       5.11 0.000000000000000
 142.750000  142.791667 2010 2010  987.77  306.01   44.92   64.97   44.17   27.20    6.49    4.87    4.19     63.03     42.65     26.08       5.95       4.49       3.92     67.07     45.81     28.58       6.97       5.19       4.46 0.000000000000000
 142.791667  142.833333 2010 2010  987.76  306.28   45.09   70.27   47.46   28.94    6.66    5.39    4.76     66.96     45.32     27.69       6.43       5.11       4.55     72.22     49.20     30.07       6.92       5.65       5.05 0.000000000000000
 142.833333  142.875000 2010 2010  987.29  306.51   43.93   80.94   54.32   32.91    7.78    6.34    5.45     79.54     53.40     32.23       7.34       6.17       5.16     81.57     55.06     33.62       8.16       6.45       5.67 0.000000000000000
 142.875000  142.916667 2010 2010  987.19  306.47   41.50   77.60   51.99   31.26    7.67    6.07    5.22     75.04     50.79     30.40       7.33       5.82       5.00     79.18     53.37     31.95       8.16       6.25       5.47 0.000000000000000
 142.916667  142.958333 2010 2010  986.98  306.31   41.60   80.83   54.49   33.44    8.33    6.36    5.35     78.45     53.16     32.54       7.87       6.18       5.12     82.68     56.00     34.34       8.90       6.59       5.64 0.000000000000000
 142.958333  143.000000 2010 2010  986.97  306.02   43.38   86.05   58.31   35.40    8.36    6.80    5.69     81.10     54.64     33.40       7.86       6.43       5.35     91.14     62.16     37.90       8.90       7.14       5.91 0.000000000000000
 143.000000  143.041667 2010 2010  987.33  305.37   48.36  102.45   69.48   42.70    9.91    7.88    6.86     97.68     66.22     40.23       9.45       7.62       6.54    106.00     72.29     44.91      10.30       8.09       7.21 0.000000000000000
 143.041667  143.083333 2010 2010  987.53  304.44   51.78   99.90   68.08   41.63    9.42    7.41    6.58     98.11     67.10     40.75       9.08       7.21       6.39    102.22     68.98     42.41       9.84       7.64       6.74 0.000000000000000
 143.083333  143.125000 2010 2010  988.08  304.94   51.05  109.23   74.24   45.22   10.51    8.28    7.03    105.34     71.15     43.33       9.96       7.87       6.73    112.93     76.94     46.82      11.04       8.75       7.38 0.000000000000000
 143.125000  143.166667 2010 2010  988.54  305.52   50.85  107.57   72.94   44.51   10.24    8.30    7.32    102.94     69.58     42.72       9.58       7.99       7.03    112.57     75.84     46.61      10.78       8.58       7.59 0.000000000000000
 143.166667  143.208333 2010 2010  988.58  305.74   51.53  130.09   87.39   53.01   13.10   10.08    8.70    127.36     86.04     52.23      12.32       9.79       8.39    132.14     88.43     53.80      13.74      10.31       9.05 0.000000000000000
 143.208333  143.250000 2010 2010  988.61  305.83   51.07  143.17   95.34   57.47   15.14   11.53    9.57    139.79     92.70     56.30      14.46      11.16       9.26    146.55     97.20     58.59      15.69      11.86       9.89 0.000000000000000
 143.250000  143.291667 2010 2010  988.76  306.06   49.49  154.15  102.35   61.31   16.26   12.38   10.15    150.38     99.97     60.31      15.77      12.19       9.88    157.19    104.26     62.50      16.84      12.56      10.45 0.000000000000000
 143.291667  143.333333 2010 2010  988.83  305.89   49.15  157.65  104.83   62.57   16.05   12.62   10.48    154.58    101.97     61.40      15.49      12.44      10.16    160.99    106.72     63.94      16.58      12.80      10.79 0.000000000000000
 143.333333  143.375000 2010 2010  988.89  305.31   49.85  162.60  108.66   65.22   16.02   12.77   10.75    161.54    107.51     64.44      15.55      12.47      10.49    164.57    109.47     65.92      16.29      13.00      11.00 0.000000000000000
 143.375000  143.416667 2010 2010  988.93  304.96   50.26  166.38  111.40   67.00   15.95   12.61   10.81    163.58    109.09     65.59      15.57      12.35      10.59    168.66    113.54     68.32      16.39      12.82      11.08 0.000000000000000
 143.416667  143.458333 2010 2010  989.58  304.83   50.36  169.36  114.07   68.61   16.29   12.70   10.99    167.75    112.93     67.79      15.79      12.45      10.63    170.57    115.08     69.34      16.83      13.03      11.36 0.000000000000000
 143.458333  143.500000 2010 2010  990.34  304.89   51.47  164.81  111.32   67.02   15.79   12.10   10.50    162.36    110.00     66.01      15.25      11.68      10.20    168.24    113.38     68.32      16.37      12.48      10.78 0.000000000000000
 143.500000  143.541667 2010 2010  990.64  304.72   54.44  157.08  105.90   64.02   14.99   12.08   10.26    156.18    104.93     63.08      14.38      11.85      10.03    158.14    106.62     64.69      15.66      12.29      10.58 0.456000000000000
 143.541667  143.583333 2010 2010  990.32  303.66   60.07  156.27  105.65   64.51   14.47   11.47    9.79    153.76    103.74     63.34      14.14      11.29       9.53    157.86    106.82     65.55      14.89      11.60      10.07 0.456000000000000
 143.583333  143.625000 2010 2010  990.42  304.71   56.63  111.75   75.74   45.99   10.73    8.35    6.93    103.34     69.81     42.51       9.98       7.70       6.30    125.75     85.49     51.20      11.80       9.18       7.67 0.456000000000000
 143.625000  143.666667 2010 2010  990.50  305.41   54.14  112.93   76.31   46.43   10.84    8.29    7.35    110.80     75.05     45.69      10.39       8.05       7.07    114.68     77.51     47.20      11.31       8.61       7.70 0.456000000000000
 143.666667  143.708333 2010 2010  990.36  306.09   48.00  103.53   69.91   42.34   10.08    7.74    6.67     96.44     64.32     39.11       9.41       7.31       6.32    111.56     74.99     45.30      10.70       8.12       7.02 0.000000000000000
 143.708333  143.750000 2010 2010  990.06  306.56   46.19  131.34   88.29   53.39   12.36    9.57    8.23    126.16     84.31     51.24      11.86       9.07       7.76    137.37     92.23     55.47      12.96      10.04       8.71 0.000000000000000
 143.750000  143.791667 2010 2010  989.66  306.94   42.28  116.96   78.34   46.53   11.13    8.73    7.32    114.07     75.93     45.02      10.54       8.51       7.02    120.58     81.33     48.24      11.66       8.93       7.62 0.000000000000000
 143.791667  143.833333 2010 2010  989.31  307.31   41.01  117.64   78.00   46.28   11.18    9.21    7.76    115.28     76.46     45.02      10.76       8.90       7.51    120.03     79.17     47.31      11.71       9.53       7.96 0.000000000000000
 143.833333  143.875000 2010 2010  988.86  307.41   40.10  117.85   78.17   45.95   11.81    9.27    7.87    115.13     76.19     44.84      11.34       9.08       7.60    121.78     80.44     46.96      12.25       9.39       8.15 0.000000000000000
 143.875000  143.916667 2010 2010  988.46  307.61   37.94  129.85   85.45   49.99   13.24   10.38    8.68    122.00     80.39     47.36      12.61       9.92       8.16    134.31     88.36     51.69      13.76      10.83       9.05 0.000000000000000
 143.916667  143.958333 2010 2010  988.16  307.39   39.05  142.16   93.38   54.34   13.88   11.02    9.51    137.60     91.08     53.16      13.25      10.73       9.00    146.18     96.37     56.11      14.54      11.34       9.88 0.000000000000000
 143.958333  144.000000 2010 2010  987.84  306.69   40.58  167.50  110.98   64.96   15.64   12.51   10.70    158.77    105.13     61.42      14.53      11.97      10.20    174.43    116.16     67.84      16.45      13.03      11.09 0.000000000000000
