ebas_nasa_ames_betsy/US0035R.20100101000000.20190131170718.aerosol_light_scattering_coefficient.pm10.1y.1h.lev2.nas
91 1001
Sheridan, Patrick
US06L, National Oceanic and Atmospheric Administration/Earth System Research Laboratory/Global Monitoring Division, NOAA/ESRL/GMD, , 325 Broadway, , 80305, "Boulder, CO", USA
Sheridan, Patrick
GAW-WDCA NOAA-ESRL
1 1
2010 01 01 2019 01 31
0.041667
Days from the file reference point (start_time)
25
1 1 1 1 1 1 1 1 1 1 1 1 1 1 1 1 1 1 1 1 1 1 1 1 1
9999.999999 9999 9999 9999.99 9999.99 9999.99 9999.99 9999.99 9999.99 9999.99 9999.99 9999.99 9999.99 9999.99 9999.99 9999.99 9999.99 9999.99 9999.99 9999.99 9999.99 9999.99 9999.99 9999.99 9.999999999999999
end_time of measurement, days from the file reference point
start_time of measurement, year
end_time of measurement, year
pressure, hPa, Location=instrument internal, Matrix=instrument
temperature, K, Location=instrument internal, Matrix=instrument
relative_humidity, %, Location=instrument internal, Matrix=instrument
aerosol_light_scattering_coefficient, 1/Mm, Wavelength=450 nm
aerosol_light_scattering_coefficient, 1/Mm, Wavelength=550 nm
aerosol_light_scattering_coefficient, 1/Mm, Wavelength=700 nm
aerosol_light_backscattering_coefficient, 1/Mm, Wavelength=450 nm
aerosol_light_backscattering_coefficient, 1/Mm, Wavelength=550 nm
aerosol_light_backscattering_coefficient, 1/Mm, Wavelength=700 nm
aerosol_light_scattering_coefficient, 1/Mm, Wavelength=450 nm, Statistics=percentile:15.87
aerosol_light_scattering_coefficient, 1/Mm, Wavelength=550 nm, Statistics=percentile:15.87
aerosol_light_scattering_coefficient, 1/Mm, Wavelength=700 nm, Statistics=percentile:15.87
aerosol_light_backscattering_coefficient, 1/Mm, Wavelength=450 nm, Statistics=percentile:15.87
aerosol_light_backscattering_coefficient, 1/Mm, Wavelength=550 nm, Statistics=percentile:15.87
aerosol_light_backscattering_coefficient, 1/Mm, Wavelength=700 nm, Statistics=percentile:15.87
aerosol_light_scattering_coefficient, 1/Mm, Wavelength=450 nm, Statistics=percentile:84.13
aerosol_light_scattering_coefficient, 1/Mm, Wavelength=550 nm, Statistics=percentile:84.13
aerosol_light_scattering_coefficient, 1/Mm, Wavelength=700 nm, Statistics=percentile:84.13
aerosol_light_backscattering_coefficient, 1/Mm, Wavelength=450 nm, Statistics=percentile:84.13
aerosol_light_backscattering_coefficient, 1/Mm, Wavelength=550 nm, Statistics=percentile:84.13
aerosol_light_backscattering_coefficient, 1/Mm, Wavelength=700 nm, Statistics=percentile:84.13
numflag
0
52
Data definition:              EBAS_1.1
Set type code:                TU
Station code:                 US0035R
Platform code:                US0035S
Timezone:                     UTC
Startdate:                    20100101000000
Timeref:                      00_00
Revision date:                20190131170718
Component:                    aerosol_light_scattering_coefficient
Unit:                         1/Mm
Matrix:                       pm10
Period code:                  1y
Resolution code:              1h
Sample duration:              1h
Laboratory code:              US06L
Instrument type:              nephelometer
Instrument manufacturer:      TSI
Instrument model:             3563
Instrument name:              TSI_3563_BND
Instrument serial number:     1045
Method ref:                   US06L_scat_coef
[...]
Data level:                   2
Version:                      1
Version description:          Version numbering not tracked, generated by CPD3 EBAS Export v21-39-g22761e9 run as da.output.ebas (30489) run by hageman on aero.cmdl.noaa.gov via da.output.ebas --type=Neph_L2_PM10 bnd 2010
Measurement height:           10m
Inlet type:                   Impactor--direct
Inlet description:            Switched impactor at 10 um
Humidity/temperature control: Heating to 40% RH, limit 40 deg. C
Volume std. temperature:      273.15K
Volume std. pressure:         1013.25hPa
Detection limit:              0.4 1/Mm
Detection limit expl.:        Determined by instrument noise on filtered air (2 standard deviations), no detection limit flag used
Zero/negative values code:    Zero/negative possible
Zero/negative values:         Zero and neg. values may appear due to statistical variations at very low concentrations
Standard method:              cal-gas=CO2+AIR_truncation-correction=Anderson1998
Comment:                      Standard Anderson & Ogren 1998 values used for truncation correction
Acknowledgement:              Request acknowledgement details from data originator
Station GAW-Name:             Bondville, Illinois
 start_time    end_time st_y ed_y   p_int   T_int  RH_int   sc450   sc550   sc700  bsc450  bsc550  bsc700 sc450pc16 sc550pc16 sc700pc16 bsc450pc16 bsc550pc16 bsc700pc16 sc450pc84 sc550pc84 sc700pc84 bsc450pc84 bsc550pc84 bsc700pc84           numflag
[from data line 2945]
 122.708333  122.750000 2010 2010  981.56  304.43   29.07   16.47   11.78    7.85    2.46    1.75    1.58     15.83     11.29      7.41       2.09       1.60       1.35     17.37     12.44      8.39       2.78       1.93       1.92 0.000000000000000
 122.750000  122.791667 2010 2010  981.22  305.59   24.91   15.78   10.72    7.37    2.04    2.00    1.58     14.88      9.97      6.59       1.45       1.85       1.26     16.94     11.42      8.10       2.61       2.19       2.05 0.000000000000000
 122.791667  122.833333 2010 2010  981.14  306.04   27.46   21.78   16.60   12.52    2.83    2.63    2.35     17.76     12.81      8.99       2.00       2.10       1.87     24.32     19.75     15.46       3.50       2.96       2.75 0.000000000000000
 122.833333  122.875000 2010 2010  981.41  305.08   30.49   24.96   19.47   15.29    3.88    3.11    2.46     21.69     16.04     11.61       3.29       2.71       1.85     29.26     22.85     19.16       4.37       3.54       2.94 0.000000000000000
 122.875000  122.916667 2010 2010  980.80  304.56   31.89   18.57   12.94    9.41    3.19    2.45    1.87     13.87      9.69      7.30       2.17       1.95       1.49     22.69     16.18     11.55       4.03       3.01       2.32 0.000000000000000
 122.916667  122.958333 2010 2010  981.10  305.02   26.74   12.48    8.63    5.83    1.77    1.63    1.27     11.46      7.82      4.83       1.25       1.50       0.88     13.16      8.86      6.44       2.52       1.84       1.62 0.000000000000000
 122.958333  123.000000 2010 2010  981.24  305.21   26.67   12.71    8.80    5.83    1.87    1.76    1.19     11.91      7.90      4.79       1.38       1.50       0.83     13.24      9.20      6.22       2.23       2.01       1.46 0.000000000000000
 123.000000  123.041667 2010 2010  981.71  305.06   28.38   13.38    9.18    6.09    1.83    1.75    1.35     12.10      7.80      5.27       1.25       1.47       0.97     14.31     10.43      7.05       2.32       1.93       1.58 0.000000000000000
 123.041667  123.083333 2010 2010  982.23  304.46   29.00   14.42    9.69    6.64    2.09    1.74    1.51     13.55      8.92      6.10       1.70       1.44       1.19     16.06     10.30      6.98       2.58       2.00       1.89 0.000000000000000
 123.083333  123.125000 2010 2010  982.69  303.24   30.21   15.76   10.70    6.99    2.38    1.99    1.52     14.42      9.82      6.28       1.93       1.83       1.29     17.28     11.63      7.88       2.78       2.15       1.80 0.000000000000000
 123.125000  123.166667 2010 2010  982.84  301.91   32.00   15.40   10.41    7.29    2.54    1.84    1.44     14.37      9.79      6.69       2.04       1.68       1.19     16.23     11.02      7.91       3.09       2.04       1.73 0.000000000000000
 123.166667  123.208333 2010 2010  983.02  300.71   34.43   17.52   11.75    7.97    2.94    2.08    1.57     16.84     11.46      7.61       2.63       1.91       1.29     18.46     12.06      8.38       3.30       2.31       1.82 0.000000000000000
 123.208333  123.250000 2010 2010  983.28  300.04   35.38   20.02   13.57    8.94    3.33    2.42    2.05     18.00     12.42      7.81       2.67       2.25       1.81     21.86     14.63     10.04       3.96       2.65       2.42 0.000000000000000
 123.250000  123.291667 2010 2010  983.51  299.82   36.27   30.39   20.23   13.32    3.83    3.41    2.71     28.34     18.60     12.13       3.33       3.08       2.33     33.88     22.54     14.29       4.26       3.67       3.04 0.000000000000000
 123.291667  123.333333 2010 2010  983.16  299.70   35.69   26.65   18.12   11.85    3.83    2.98    2.27     25.93     17.70     11.39       3.37       2.82       2.00     27.27     18.29     12.30       4.24       3.20       2.57 0.000000000000000
 123.333333  123.375000 2010 2010  982.92  299.59   34.64   28.17   19.21   12.48    4.48    3.23    2.45     26.85     18.60     11.68       3.87       3.00       2.14     28.66     19.56     13.14       4.94       3.42       2.75 0.000000000000000
 123.375000  123.416667 2010 2010  983.17  299.43   34.07   32.11   21.75   13.89    3.53    3.46    2.67     29.10     19.90     12.29       3.04       3.19       2.45     34.68     23.61     15.30       4.09       3.72       2.91 0.000000000000000
 123.416667  123.458333 2010 2010  983.43  299.47   33.77   39.90   26.63   16.72    4.97    4.02    3.26     38.13     25.97     16.04       4.54       3.83       3.00     40.97     27.11     17.24       5.45       4.21       3.55 0.000000000000000
 123.458333  123.500000 2010 2010  983.98  299.52   33.66   39.78   26.26   16.32    4.62    3.70    3.17     37.48     25.17     15.25       4.31       3.37       2.86     41.40     27.18     16.86       5.23       3.98       3.38 0.000000000000000
 123.500000  123.541667 2010 2010  984.43  299.20   39.24   34.27   23.03   14.28    4.35    3.36    2.80     32.59     22.05     13.81       3.94       3.12       2.57     36.16     23.96     15.17       4.77       3.67       3.13 0.000000000000000
 123.541667  123.583333 2010 2010  984.09  298.32   41.32   18.66   13.11    9.53    2.81    2.08    1.68     15.01     10.63      7.84       2.12       1.65       1.27     22.29     16.00     11.43       3.44       2.45       2.04 0.000000000000000
 123.583333  123.625000 2010 2010  983.49  298.70   38.04   14.03    9.66    6.78    2.28    1.58    1.38     12.88      8.99      6.30       1.89       1.32       1.25     14.67     10.25      7.32       2.63       1.74       1.54 0.000000000000000
 123.625000  123.666667 2010 2010  983.62  301.37   30.38   12.04    8.49    5.72    1.73    1.48    1.33     11.66      8.01      5.29       1.36       1.37       1.13     12.68      8.93      5.96       2.00       1.63       1.56 0.000000000000000
 123.666667  123.708333 2010 2010  983.79  303.50   26.91   12.61    9.11    6.12    1.35    1.51    1.21     11.86      8.65      5.84       1.16       1.41       0.96     13.57      9.46      6.47       1.64       1.59       1.39 0.000000000000000
 123.708333  123.750000 2010 2010  983.73  305.03   23.82   13.39    9.22    6.19    1.93    1.56    1.19     12.62      8.73      5.79       1.67       1.36       0.94     13.99      9.58      6.52       2.26       1.78       1.37 0.000000000000000
 123.750000  123.791667 2010 2010  983.33  306.28   21.21   13.22    9.27    6.19    2.04    1.63    1.40     12.45      8.80      5.74       1.74       1.53       1.15     14.40      9.63      6.56       2.33       1.75       1.62 0.000000000000000
 123.791667  123.833333 2010 2010  983.09  307.40   18.29   13.16    9.13    6.23    1.73    1.65    1.19     12.38      8.65      5.61       1.44       1.35       1.00     13.83      9.75      6.73       2.15       1.91       1.35 0.000000000000000
 123.833333  123.875000 2010 2010  982.64  308.29   16.76   13.85    9.37    6.40    2.44    1.62    1.36     13.12      8.88      5.87       2.06       1.50       1.23     14.50      9.83      6.96       2.73       1.72       1.52 0.000000000000000
 123.875000  123.916667 2010 2010  982.26  308.89   15.72   13.36    9.40    6.83    2.17    1.68    1.32     12.57      9.00      6.35       1.80       1.43       1.12     13.76      9.65      7.25       2.65       1.95       1.48 0.000000000000000
 123.916667  123.958333 2010 2010  981.93  309.17   16.12   13.74    9.54    6.65    2.25    1.74    1.43     13.25      9.26      6.32       1.87       1.54       1.15     14.31      9.82      6.93       2.71       1.98       1.67 0.000000000000000
 123.958333  124.000000 2010 2010  981.58  309.06   15.97   13.66    9.66    6.56    2.38    1.72    1.25     12.81      9.19      6.13       2.10       1.51       1.11     14.05      9.90      6.94       2.73       1.97       1.42 0.000000000000000
 124.000000  124.041667 2010 2010  981.51  308.55   19.12   17.87   13.57   10.83    2.78    2.35    2.28     13.96      9.81      6.68       2.11       1.72       1.50     22.73     19.04     17.22       3.22       3.13       3.16 0.000000000000000
 124.041667  124.083333 2010 2010  981.34  307.72   19.23   15.30   10.95    8.22    2.62    1.84    1.46     14.13     10.14      7.55       2.15       1.56       1.11     16.43     11.24      8.74       3.03       2.09       1.76 0.000000000000000
 124.083333  124.125000 2010 2010  981.21  306.46   21.79   18.93   13.32    9.58    3.32    2.37    1.92     18.33     12.58      9.03       2.80       2.17       1.75     19.77     14.07     10.16       3.76       2.59       2.13 0.000000000000000
 124.125000  124.166667 2010 2010  980.88  305.34   24.04   18.88   13.04    9.08    3.11    2.41    1.75     17.08     12.21      8.63       2.58       2.22       1.64     20.35     14.10      9.56       3.66       2.63       1.92 0.394000000000000
 124.166667  124.208333 2010 2010  980.53  304.37   25.84   18.38   12.95    8.71    2.91    2.34    1.75     17.51     12.47      8.26       2.43       2.19       1.50     19.67     13.37      9.06       3.33       2.48       1.95 0.000000000000000
 124.208333  124.250000 2010 2010  979.96  303.47   27.61   20.92   14.36    9.59    3.29    2.57    2.14     20.32     13.74      9.18       2.75       2.38       1.83     22.09     15.08     10.05       3.82       2.79       2.41 0.000000000000000
 124.250000  124.291667 2010 2010  979.67  302.70   29.85   21.41   14.91    9.88    3.25    2.72    2.19     20.43     14.45      9.48       2.90       2.58       1.98     22.26     15.59     10.42       3.61       2.84       2.42 0.000000000000000
 124.291667  124.333333 2010 2010  979.39  302.02   31.89   21.39   14.59    9.72    3.65    2.70    2.11     20.99     14.31      9.35       3.32       2.52       1.93     21.84     14.87     10.14       3.91       2.86       2.36 0.000000000000000
 124.333333  124.375000 2010 2010  979.09  301.49   33.50   22.98   15.78   10.37    3.92    3.04    2.15     22.32     15.30     10.01       3.63       2.89       1.88     23.73     16.27     10.71       4.23       3.21       2.40 0.000000000000000
 124.375000  124.416667 2010 2010  978.85  301.06   34.88   23.72   16.06   11.01    3.72    2.90    2.47     23.11     15.66     10.72       3.37       2.72       2.31     24.20     16.46     11.36       3.97       3.03       2.65 0.000000000000000
 124.416667  124.458333 2010 2010  978.93  300.71   36.10   24.47   16.37   10.62    3.77    3.05    2.37     23.74     15.86     10.22       3.44       2.87       2.20     24.89     16.83     10.91       4.23       3.21       2.55 0.000000000000000
 124.458333  124.500000 2010 2010  979.73  300.51   38.03   28.63   19.22   12.73    4.47    3.67    2.78     27.69     18.81     12.27       3.97       3.39       2.62     29.59     19.71     13.25       5.01       3.90       2.91 0.000000000000000
 124.500000  124.541667 2010 2010  980.23  300.84   38.66   33.99   23.41   15.88    5.19    4.22    3.42     29.47     19.95     13.17       4.46       3.59       2.85     36.51     24.90     16.18       5.61       4.50       3.42 0.000000000000000
 124.541667  124.583333 2010 2010  980.32  301.75   31.04   20.04   15.50   11.91    2.93    2.38    1.93     15.21     11.64      8.82       1.97       1.66       1.32     26.20     20.01     13.87       3.99       2.89       2.23 0.000000000000000
 124.583333  124.625000 2010 2010  980.09  302.90   28.17   16.91   12.88    9.76    2.38    1.88    1.60     16.11     12.26      9.31       1.98       1.66       1.47     17.67     13.56     10.36       2.68       2.05       1.84 0.000000000000000
 124.625000  124.666667 2010 2010  980.55  304.46   26.78   19.89   14.56   10.70    2.87    2.47    1.77     18.38     13.67     10.08       2.48       2.29       1.52     21.50     15.39     11.29       3.31       2.71       2.04 0.000000000000000
 124.666667  124.708333 2010 2010  980.66  305.79   25.66   22.60   16.39   11.84    3.51    2.79    2.26     21.68     15.28     11.05       3.05       2.59       1.94     23.35     16.97     12.25       3.84       2.93       2.49 0.000000000000000
 124.708333  124.750000 2010 2010  980.91  307.30   23.73   22.50   16.11   11.48    3.61    2.81    2.30     21.89     15.73     10.83       3.39       2.60       1.99     23.03     16.68     12.35       3.91       2.98       2.57 0.000000000000000
 124.750000  124.791667 2010 2010  980.99  308.69   21.63   26.47   18.69   12.73    4.19    3.20    2.66     23.83     17.09     11.67       3.61       2.89       2.33     30.24     21.15     13.75       4.83       3.51       2.88 0.000000000000000
 124.791667  124.833333 2010 2010  981.46  309.31   20.78   24.51   17.11   12.61    4.21    2.99    2.70     23.92     16.67     12.38       3.90       2.84       2.42     25.07     17.63     13.31       4.50       3.12       2.93 0.390456000000000
 124.833333  124.875000 2010 2010  979.35  308.82   19.56 9999.99 9999.99 9999.99 9999.99 9999.99 9999.99   9999.99   9999.99   9999.99    9999.99    9999.99    9999.99   9999.99   9999.99   9999.99    9999.99    9999.99    9999.99 0.000000000000000
 124.875000  124.916667 2010 2010  980.82  309.44   18.29   23.43   18.12   14.54    3.48    2.93    2.43     21.58     16.43     12.77       2.91       2.53       1.99     23.86     18.15     14.54       3.92       3.11       2.65 0.000000000000000
 124.916667  124.958333 2010 2010  981.18  309.80   17.00   26.81   22.94   20.09    3.98    3.49    3.51     19.52     15.23     11.75       2.64       2.09       1.98     35.83     33.10     30.17       5.52       5.11       5.54 0.000000000000000
 124.958333  125.000000 2010 2010  981.99  309.49   15.97   19.37   15.67   13.40    2.83    2.46    2.20     17.49     13.96     11.36       2.26       2.13       1.77     19.61     15.67     13.40       3.12       2.51       2.38 0.000000000000000
 125.000000  125.041667 2010 2010  982.64  308.71   15.38   18.15   15.45   13.97    2.78    2.38    2.24     14.48     12.17     10.95       1.92       1.77       1.50     18.18     15.45     13.97       2.97       2.38       2.24 0.000000000000000
 125.041667  125.083333 2010 2010  983.18  307.36   13.76   18.58   16.84   15.07    3.02    2.40    2.54     12.43     10.80      8.73       2.02       1.36       1.42     18.58     16.84     15.07       3.02       2.40       2.54 0.000000000000000
 125.083333  125.125000 2010 2010  983.63  305.66   13.72   14.10   12.53   11.26    1.85    2.05    1.83     10.70      8.98      7.58       0.99       1.54       1.01     14.10     12.53     11.26       2.06       2.05       1.83 0.000000000000000
 125.125000  125.166667 2010 2010  983.73  304.00   15.37   13.02   11.28    9.54    1.88    1.79    1.59     10.36      8.63      7.20       1.28       1.24       1.01     13.02     11.28      9.54       1.93       1.82       1.59 0.000000000000000
 125.166667  125.208333 2010 2010  983.78  302.52   17.23   11.56    9.76    8.46    1.40    1.41    1.37     10.63      9.32      8.12       0.99       1.29       1.18     12.17     10.33      8.93       1.68       1.55       1.54 0.000000000000000
 125.208333  125.250000 2010 2010  984.22  300.94   19.30   11.22    9.25    7.80    1.36    1.52    1.56     10.33      8.78      7.49       1.09       1.33       1.29     11.95      9.88      8.22       1.61       1.73       1.77 0.000000000000000
 125.250000  125.291667 2010 2010  985.03  300.60   20.19   12.12   10.07    8.44    1.83    1.58    1.57     11.57      9.76      7.91       1.52       1.46       1.35     12.60     10.41      8.69       2.19       1.68       1.77 0.000000000000000
 125.291667  125.333333 2010 2010  985.25  300.16   20.94   11.50    9.80    7.81    1.70    1.39    1.51     11.04      9.53      7.43       1.45       1.26       1.36     11.77     10.15      8.19       1.91       1.54       1.70 0.000000000000000
