ebas_nasa_ames_betsy/US0035R.20150826223157.20160117041718.nephelometer..pm10.33d.1h.US06L_TSI_3563_BND_pm10.US06L_scat_coef.lev2.nas
86 1001
Ogren, John
US06L, National Oceanic and Atmospheric Administration, NOAA/ESRL/GMD, "Earth System Research Laboratory, Global Monitoring Division", 325 Broadway, , CO 80305-3, Boulder, U.S.A.
Ogren, John
GAW-WDCA NOAA-ESRL
1 1
2015 01 01 2016 01 17
0
days from file reference point
23
1 1 1 1 1 1 1 1 1 1 1 1 1 1 1 1 1 1 1 1 1 1 1
999.999999 9999.99 999.99 9999.99 999.99 999.99 999.99 999.99 999.99 999.99 999.99 999.99 999.99 9999.99 9999.99 9999.99 9999.99 9999.99 9999.99 999.99 999.99 999.99 9.999999
end_time of measurement, days from the file reference point
pressure, hPa, Location=instrument internal, Statistics=arithmetic mean, Matrix=instrument, Detection limit=, Detection limit expl.=
relative_humidity, %, Location=instrument outlet, Statistics=arithmetic mean, Matrix=instrument, Detection limit=, Detection limit expl.=
temperature, K, Location=instrument outlet, Statistics=arithmetic mean, Matrix=instrument, Detection limit=, Detection limit expl.=
aerosol_light_backscattering_coefficient, 1/Mm, Wavelength=450.0 nm, Statistics=arithmetic mean
aerosol_light_backscattering_coefficient, 1/Mm, Wavelength=450.0 nm, Statistics=percentile:15.87
aerosol_light_backscattering_coefficient, 1/Mm, Wavelength=450.0 nm, Statistics=percentile:84.13
aerosol_light_backscattering_coefficient, 1/Mm, Wavelength=550.0 nm, Statistics=arithmetic mean
aerosol_light_backscattering_coefficient, 1/Mm, Wavelength=550.0 nm, Statistics=percentile:15.87
aerosol_light_backscattering_coefficient, 1/Mm, Wavelength=550.0 nm, Statistics=percentile:84.13
aerosol_light_backscattering_coefficient, 1/Mm, Wavelength=700.0 nm, Statistics=arithmetic mean
aerosol_light_backscattering_coefficient, 1/Mm, Wavelength=700.0 nm, Statistics=percentile:15.87
aerosol_light_backscattering_coefficient, 1/Mm, Wavelength=700.0 nm, Statistics=percentile:84.13
aerosol_light_scattering_coefficient, 1/Mm, Wavelength=450.0 nm, Statistics=arithmetic mean
aerosol_light_scattering_coefficient, 1/Mm, Wavelength=450.0 nm, Statistics=percentile:15.87
aerosol_light_scattering_coefficient, 1/Mm, Wavelength=450.0 nm, Statistics=percentile:84.13
aerosol_light_scattering_coefficient, 1/Mm, Wavelength=550.0 nm, Statistics=arithmetic mean
aerosol_light_scattering_coefficient, 1/Mm, Wavelength=550.0 nm, Statistics=percentile:15.87
aerosol_light_scattering_coefficient, 1/Mm, Wavelength=550.0 nm, Statistics=percentile:84.13
aerosol_light_scattering_coefficient, 1/Mm, Wavelength=700.0 nm, Statistics=arithmetic mean
aerosol_light_scattering_coefficient, 1/Mm, Wavelength=700.0 nm, Statistics=percentile:15.87
aerosol_light_scattering_coefficient, 1/Mm, Wavelength=700.0 nm, Statistics=percentile:84.13
numflag, no unit
0
49
Data definition:              EBAS_1.1
Set type code:                TI
Timezone:                     UTC
File name:                    US0035R.20150826223157.20160117041718.nephelometer..pm10.33d.1h.US06L_TSI_3563_BND_pm10.US06L_scat_coef.lev2.nas
File creation:                20190115074008
Startdate:                    20150826223157
Revision date:                20160117041718
Version:                      1
Version description:          "Version numbering not tracked, generated by CPD3 EBAS Export 5247 compiled at 2016-01-12T14:59:05 run as PID 16034 run by aerosol(100) on aero2.cmdl.noaa.gov with da.tasks --daily"
[...]
Zero/negative values code:    Zero/negative possible
Zero/negative values:         Zero and neg. values may appear due to statistical variations at very low concentrations
Originator:                   Ogren, John, John.A.Ogren@noaa.gov, National Oceanic and Atmospheric Administration/Earth System Research Laboratory/Global Monitoring Division, NOAA/ESRL/GMD, , 325 Broadway, , 80305, "Boulder, CO", USA
Submitter:                    Ogren, John, John.A.Ogren@noaa.gov, National Oceanic and Atmospheric Administration/Earth System Research Laboratory/Global Monitoring Division, NOAA/ESRL/GMD, , 325 Broadway, , 80305, "Boulder, CO", USA
Acknowledgement:              Request acknowledgement details from data originator
Comment:                      Standard Anderson & Ogren 1998 values used for truncation correction
starttime endtime P rH T aerosol_light_backscattering_coefficient aerosol_light_backscattering_coefficient aerosol_light_backscattering_coefficient aerosol_light_backscattering_coefficient aerosol_light_backscattering_coefficient aerosol_light_backscattering_coefficient aerosol_light_backscattering_coefficient aerosol_light_backscattering_coefficient aerosol_light_backscattering_coefficient aerosol_light_scattering_coefficient aerosol_light_scattering_coefficient aerosol_light_scattering_coefficient aerosol_light_scattering_coefficient aerosol_light_scattering_coefficient aerosol_light_scattering_coefficient aerosol_light_scattering_coefficient aerosol_light_scattering_coefficient aerosol_light_scattering_coefficient flag
[from data line 689]
269.291667 269.333333  988.43  35.14  306.38   4.71   4.30   5.11   3.71   3.51   3.92   3.10   2.78   3.36   37.76   34.91   39.72   24.74   22.52   25.83  14.86  14.12  15.71 0.000000
269.333333 269.375000  988.40  36.37  305.72   4.45   4.21   4.77   3.72   3.50   3.93   3.09   2.83   3.29   38.10   37.03   38.87   24.84   24.28   25.30  15.13  14.59  15.63 0.000000
269.375000 269.416667  988.43  38.85  305.27   4.51   4.24   4.90   3.52   3.37   3.66   2.95   2.77   3.19   37.35   36.46   38.23   24.09   23.43   24.62  14.43  13.96  15.00 0.000000
269.416667 269.458333  988.32  39.85  305.19   4.38   4.19   4.62   3.45   3.22   3.67   2.62   2.37   2.87   34.17   32.49   35.75   21.99   20.86   22.90  13.05  12.62  13.57 0.000000
269.458333 269.500000  988.58  39.96  305.25   3.98   3.68   4.26   3.37   3.19   3.54   2.68   2.40   2.92   32.31   31.81   33.20   20.79   20.22   21.24  12.62  12.10  13.04 0.000000
269.500000 269.541667  988.86  40.02  305.34   3.58   3.38   3.84   2.86   2.61   3.07   2.66   2.36   2.91   28.30   27.26   29.98   18.25   17.43   19.16  11.29  10.49  11.88 0.000000
269.541667 269.583333  988.96  40.25  305.42   3.31   3.08   3.60   2.56   2.23   2.82   2.08   1.85   2.29   24.57   23.08   26.05   15.87   14.84   16.71   9.67   8.92  10.15 0.000000
269.583333 269.625000  989.02  40.87  305.29   2.85   2.48   3.18   2.12   2.01   2.28   1.62   1.25   1.89   19.94   19.01   21.20   13.11   12.30   13.86   8.18   7.59   8.98 0.000000
269.625000 269.666667  988.73  40.49  305.64   2.46   2.18   2.75   1.90   1.74   2.05   1.49   1.16   1.74   17.42   16.71   17.90   11.38   11.01   11.63   7.17   6.59   7.72 0.000000
269.666667 269.708333  988.52  38.82  306.15   2.34   2.19   2.59   1.86   1.65   2.07   1.45   1.16   1.70   16.12   15.18   17.31   10.25    9.86   10.95   5.97   5.46   6.54 0.000000
269.708333 269.750000  987.95  37.33  306.47   2.19   1.88   2.48   1.62   1.26   1.91   1.04   0.73   1.51   13.11   11.64   14.86    8.21    7.23    9.56   5.29   4.57   6.36 0.000000
269.750000 269.791667  987.18  36.67  306.79   1.95   1.55   2.37   1.56   1.37   1.72   1.32   1.00   1.67   12.03   11.28   12.40    7.91    7.48    8.28   5.28   4.80   5.83 0.000000
269.791667 269.833333  986.16  35.60  307.35   2.21   2.00   2.44   1.68   1.49   1.83   1.42   1.25   1.70   13.49   13.06   14.36    8.95    8.59    9.46   5.78   5.51   5.98 0.000000
269.833333 269.875000  985.65  34.89  307.93   2.27   1.87   2.67   1.72   1.49   2.03   1.35   1.06   1.62   13.00   12.59   13.82    8.53    8.03    9.15   5.62   5.13   6.01 0.000000
269.875000 269.916667  985.63  37.44  307.54   1.87   1.63   2.51   1.72   1.65   2.21   1.55   1.26   2.20   13.86   13.75   18.12    9.09    8.56   14.00   5.63   5.21  10.20 0.392000
269.916667 269.958333  985.54  39.74  306.79   2.94   2.37   3.54   2.54   2.12   2.90   1.88   1.63   2.16   18.98   16.39   20.83   12.29   11.31   13.41   7.63   7.13   8.39 0.000000
269.958333 270.000000  985.38  39.91  306.42   3.33   2.49   4.06   2.78   2.09   3.36   2.16   1.69   2.41   26.81   20.82   31.28   17.36   13.40   20.42  10.19   7.97  12.45 0.000000
270.000000 270.041667  985.69  40.71  306.13   3.17   2.62   3.56   2.67   2.33   3.08   2.16   1.78   2.49   25.01   22.41   27.53   16.30   14.61   17.88  10.27   8.95  11.26 0.000000
270.041667 270.083333  986.04  41.48  305.77   3.52   3.18   3.81   2.82   2.49   3.20   2.54   2.17   2.84   30.14   27.58   32.19   19.73   18.02   21.09  12.04  11.13  12.87 0.000000
270.083333 270.125000  986.33  41.74  305.49   4.02   3.79   4.28   3.27   3.00   3.47   2.76   2.45   3.34   32.63   31.41   33.40   21.71   21.08   22.49  13.81  13.39  14.46 0.000000
270.125000 270.166667  986.53  41.32  305.40   3.91   3.70   4.17   3.21   3.02   3.34   2.72   2.45   3.03   31.84   31.45   32.34   20.86   20.51   21.27  12.85  12.31  13.23 0.000000
270.166667 270.208333  986.40  42.60  305.37   4.12   3.81   4.35   3.22   2.97   3.36   2.51   2.18   2.80   32.30   30.82   32.46   21.33   20.26   21.56  13.27  12.33  13.88 0.000000
270.208333 270.250000  986.20  42.83  305.27   3.98   3.57   4.30   3.23   3.01   3.39   2.57   2.30   2.88   34.04   32.83   35.08   22.85   22.14   23.76  14.32  13.71  14.86 0.000000
270.250000 270.291667  986.01  43.04  305.12   3.48   3.11   3.87   2.65   2.51   2.82   2.04   1.74   2.36   30.78   30.28   31.85   20.58   20.05   21.00  12.43  11.78  12.73 0.000000
270.291667 270.333333  985.57  43.87  305.08   3.25   2.91   3.61   2.74   2.59   2.86   2.32   2.15   2.47   29.89   29.30   30.29   20.26   19.70   20.86  13.05  12.56  13.56 0.000000
270.333333 270.375000  985.36  43.62  305.13   3.87   3.53   4.29   2.91   2.60   3.08   2.82   2.46   3.16   32.72   30.81   34.53   22.75   21.32   24.37  14.85  13.57  16.16 0.000000
270.375000 270.416667  985.45  42.72  305.02   4.36   3.97   4.83   3.46   3.25   3.69   2.79   2.49   3.20   41.27   37.57   44.82   28.59   25.96   31.26  18.32  16.50  20.31 0.000000
270.416667 270.458333  985.72  43.00  304.74   4.82   4.26   5.32   3.71   3.50   3.95   3.10   2.89   3.39   49.40   47.72   50.27   33.89   33.04   34.74  20.92  20.08  21.88 0.000000
270.458333 270.500000  986.25  42.64  304.47   4.89   4.04   5.95   3.81   3.07   4.71   3.25   2.44   4.21   50.93   40.17   62.36   34.42   25.90   43.44  21.20  15.48  27.51 0.000000
270.500000 270.541667  986.74  42.34  304.26   4.05   3.55   4.49   2.97   2.69   3.19   2.64   2.43   2.80   41.04   36.85   43.31   26.66   24.50   28.45  15.21  13.90  16.36 0.000000
