ebas_nasa_ames_betsy/US0035R.20150826223157.20160117041718.nephelometer..pm10.33d.1h.US06L_TSI_3563_BND_pm10.US06L_scat_coef.lev2.nas
86 1001
Ogren, John
US06L, National Oceanic and Atmospheric Administration, NOAA/ESRL/GMD, "Earth System Research Laboratory, Global Monitoring Division", 325 Broadway, , CO 80305-3, Boulder, U.S.A.
Ogren, John
GAW-WDCA NOAA-ESRL
1 1
2015 01 01 2016 01 17
0
days from file reference point
23
1 1 1 1 1 1 1 1 1 1 1 1 1 1 1 1 1 1 1 1 1 1 1
999.999999 9999.99 999.99 9999.99 999.99 999.99 999.99 999.99 999.99 999.99 999.99 999.99 999.99 9999.99 9999.99 9999.99 9999.99 9999.99 9999.99 999.99 999.99 999.99 9.999999
end_time of measurement, days from the file reference point
pressure, hPa, Location=instrument internal, Statistics=arithmetic mean, Matrix=instrument, Detection limit=, Detection limit expl.=
relative_humidity, %, Location=instrument outlet, Statistics=arithmetic mean, Matrix=instrument, Detection limit=, Detection limit expl.=
temperature, K, Location=instrument outlet, Statistics=arithmetic mean, Matrix=instrument, Detection limit=, Detection limit expl.=
aerosol_light_backscattering_coefficient, 1/Mm, Wavelength=450.0 nm, Statistics=arithmetic mean
aerosol_light_backscattering_coefficient, 1/Mm, Wavelength=450.0 nm, Statistics=percentile:15.87
aerosol_light_backscattering_coefficient, 1/Mm, Wavelength=450.0 nm, Statistics=percentile:84.13
aerosol_light_backscattering_coefficient, 1/Mm, Wavelength=550.0 nm, Statistics=arithmetic mean
aerosol_light_backscattering_coefficient, 1/Mm, Wavelength=550.0 nm, Statistics=percentile:15.87
aerosol_light_backscattering_coefficient, 1/Mm, Wavelength=550.0 nm, Statistics=percentile:84.13
aerosol_light_backscattering_coefficient, 1/Mm, Wavelength=700.0 nm, Statistics=arithmetic mean
aerosol_light_backscattering_coefficient, 1/Mm, Wavelength=700.0 nm, Statistics=percentile:15.87
aerosol_light_backscattering_coefficient, 1/Mm, Wavelength=700.0 nm, Statistics=percentile:84.13
aerosol_light_scattering_coefficient, 1/Mm, Wavelength=450.0 nm, Statistics=arithmetic mean
aerosol_light_scattering_coefficient, 1/Mm, Wavelength=450.0 nm, Statistics=percentile:15.87
aerosol_light_scattering_coefficient, 1/Mm, Wavelength=450.0 nm, Statistics=percentile:84.13
aerosol_light_scattering_coefficient, 1/Mm, Wavelength=550.0 nm, Statistics=arithmetic mean
aerosol_light_scattering_coefficient, 1/Mm, Wavelength=550.0 nm, Statistics=percentile:15.87
aerosol_light_scattering_coefficient, 1/Mm, Wavelength=550.0 nm, Statistics=percentile:84.13
aerosol_light_scattering_coefficient, 1/Mm, Wavelength=700.0 nm, Statistics=arithmetic mean
aerosol_light_scattering_coefficient, 1/Mm, Wavelength=700.0 nm, Statistics=percentile:15.87
aerosol_light_scattering_coefficient, 1/Mm, Wavelength=700.0 nm, Statistics=percentile:84.13
numflag, no unit
0
49
Data definition:              EBAS_1.1
Set type code:                TI
Timezone:                     UTC
File name:                    US0035R.20150826223157.20160117041718.nephelometer..pm10.33d.1h.US06L_TSI_3563_BND_pm10.US06L_scat_coef.lev2.nas
File creation:                20190115074008
Startdate:                    20150826223157
Revision date:                20160117041718
Version:                      1
Version description:          "Version numbering not tracked, generated by CPD3 EBAS Export 5247 compiled at 2016-01-12T14:59:05 run as PID 16034 run by aerosol(100) on aero2.cmdl.noaa.gov with da.tasks --daily"
[...]
Zero/negative values code:    Zero/negative possible
Zero/negative values:         Zero and neg. values may appear due to statistical variations at very low concentrations
Originator:                   Ogren, John, John.A.Ogren@noaa.gov, National Oceanic and Atmospheric Administration/Earth System Research Laboratory/Global Monitoring Division, NOAA/ESRL/GMD, , 325 Broadway, , 80305, "Boulder, CO", USA
Submitter:                    Ogren, John, John.A.Ogren@noaa.gov, National Oceanic and Atmospheric Administration/Earth System Research Laboratory/Global Monitoring Division, NOAA/ESRL/GMD, , 325 Broadway, , 80305, "Boulder, CO", USA
Acknowledgement:              Request acknowledgement details from data originator
Comment:                      Standard Anderson & Ogren 1998 values used for truncation correction
starttime endtime P rH T aerosol_light_backscattering_coefficient aerosol_light_backscattering_coefficient aerosol_light_backscattering_coefficient aerosol_light_backscattering_coefficient aerosol_light_backscattering_coefficient aerosol_light_backscattering_coefficient aerosol_light_backscattering_coefficient aerosol_light_backscattering_coefficient aerosol_light_backscattering_coefficient aerosol_light_scattering_coefficient aerosol_light_scattering_coefficient aerosol_light_scattering_coefficient aerosol_light_scattering_coefficient aerosol_light_scattering_coefficient aerosol_light_scattering_coefficient aerosol_light_scattering_coefficient aerosol_light_scattering_coefficient aerosol_light_scattering_coefficient flag
[from data line 603]
265.708333 265.750000  992.16  21.43  306.10   3.48   3.12   3.87   2.34   2.15   2.50   1.67   1.35   1.96   18.55   17.57   19.58   12.35   11.76   12.76   8.11   7.56   8.52 0.000000
265.750000 265.791667  991.44  17.52  308.51   3.11   2.74   3.47   2.43   2.25   2.65   1.84   1.35   2.22   17.87   17.30   18.42   11.90   11.41   12.28   7.96   7.48   8.64 0.000000
265.791667 265.833333  990.47  16.60  310.05   3.45   3.07   3.85   2.70   2.38   3.00   2.07   1.67   2.43   20.97   19.83   22.36   13.64   13.02   14.42   8.02   7.54   8.50 0.000000
265.833333 265.875000  989.83  16.30  311.22   3.99   3.54   4.32   3.19   3.05   3.38   1.71   1.30   2.15   23.29   22.44   23.81   15.03   14.63   15.50   8.87   8.20   9.51 0.000000
265.875000 265.916667  989.64  16.38  311.84   4.49   3.94   4.80   3.08   2.86   3.25   2.46   1.69   2.90   25.62   24.38   26.60   16.63   15.91   17.25  10.45   9.61  11.15 0.000000
265.916667 265.958333  989.68  17.29  311.69   4.83   4.43   5.28   3.52   3.33   3.77   2.50   2.11   3.10   27.88   27.47   28.38   18.12   17.61   18.64  11.60  10.94  12.52 0.000000
265.958333 266.000000  989.91  18.82  310.80   4.95   4.33   5.42   3.56   3.20   4.08   2.69   2.24   3.27   29.39   27.51   33.20   20.38   18.48   22.99  13.74  11.49  16.96 0.000000
266.000000 266.041667  990.39  20.31  308.68   4.81   4.40   5.12   3.46   3.17   3.76   2.36   2.05   2.56   28.47   27.09   29.59   19.07   18.22   20.06  12.26  11.49  13.02 0.000000
266.041667 266.083333  990.76  23.25  306.14   5.71   4.93   6.57   3.99   3.44   4.77   3.41   3.07   3.79   34.07   31.00   40.11   22.81   20.64   25.86  14.82  13.48  16.51 0.000000
266.083333 266.125000  990.82  26.01  304.72   5.29   4.59   5.91   4.00   3.59   4.54   2.72   2.44   3.04   33.02   29.57   37.39   22.37   19.84   25.43  14.49  12.97  16.45 0.000000
266.125000 266.166667  990.98  29.53  304.29   5.61   5.18   5.98   4.37   4.17   4.55   3.31   3.12   3.52   35.41   34.81   35.89   24.04   23.57   24.50  15.75  15.44  16.26 0.000000
266.166667 266.208333  991.10  30.26  304.18   5.49   5.26   5.79   4.33   4.10   4.55   3.27   3.00   3.57   34.74   33.81   35.48   23.56   22.94   24.16  15.65  14.99  16.20 0.000000
266.208333 266.250000  991.14  30.01  303.85   5.52   5.20   5.81   4.12   3.89   4.38   3.10   2.84   3.34   33.56   32.96   33.95   22.54   21.94   23.13  14.56  13.94  15.05 0.000000
266.250000 266.291667  991.17  30.46  303.28   5.80   5.37   6.18   4.12   3.95   4.37   3.26   3.10   3.47   34.55   34.06   35.89   23.05   22.52   23.65  14.73  14.35  15.20 0.000000
266.291667 266.333333  991.05  31.35  302.56   6.03   5.64   6.37   4.60   4.30   4.89   3.30   3.07   3.52   37.40   35.06   39.23   24.48   22.88   25.81  15.41  14.55  16.56 0.000000
266.333333 266.375000  991.02  33.00  301.92   6.80   6.53   7.15   5.18   4.89   5.39   3.69   3.37   3.96   41.82   40.28   43.12   26.75   26.10   27.51  16.08  15.44  16.65 0.000000
266.375000 266.416667  991.24  35.01  301.36   7.22   6.87   7.52   5.42   5.23   5.61   3.99   3.76   4.24   45.78   45.18   46.36   28.74   28.32   29.08  16.88  16.58  17.17 0.000000
266.416667 266.458333  991.50  36.72  300.84   6.91   6.64   7.16   5.50   5.26   5.69   4.21   3.91   4.45   48.29   47.10   49.36   30.66   30.04   31.33  17.69  17.22  18.22 0.000000
266.458333 266.500000  991.93  38.16  300.36   7.58   7.17   7.92   5.68   5.38   5.94   4.26   4.01   4.51   52.00   50.85   53.08   32.89   32.25   33.51  19.33  19.04  19.70 0.000000
266.500000 266.541667  992.44  39.77  300.15   7.18   6.74   7.49   5.80   5.62   6.08   4.31   4.09   4.52   52.12   51.04   52.75   33.36   32.65   33.72  19.53  19.10  19.78 0.000000
266.541667 266.583333  992.42  40.08  300.55   7.06   6.70   7.61   5.37   5.12   5.57   3.98   3.74   4.29   49.34   48.07   50.44   31.88   31.03   32.64  18.98  18.04  19.77 0.000000
266.583333 266.625000  992.40  36.81  301.73   6.59   6.30   7.00   4.89   4.74   5.10   3.69   3.41   3.88   44.65   43.52   45.27   28.63   27.99   29.01  16.94  16.53  17.35 0.000000
266.625000 266.666667  992.13  32.84  303.53   6.15   5.76   6.50   4.72   4.55   5.01   3.47   3.23   3.66   41.87   40.57   42.70   27.01   26.13   27.54  16.54  16.01  17.06 0.000000
266.666667 266.708333  992.02  28.33  304.82   5.55   5.11   5.88   4.29   4.06   4.54   3.10   2.77   3.44   37.57   36.04   38.77   23.65   22.73   24.42  13.60  12.88  14.54 0.000000
266.708333 266.750000  991.70  24.39  306.39   5.63   5.19   6.05   4.15   3.79   4.44   3.08   2.66   3.58   36.74   34.50   38.73   23.31   21.63   25.39  13.65  12.67  14.97 0.000000
266.750000 266.791667  991.06  21.88  307.87   5.43   5.13   5.90   4.37   4.21   4.57   3.08   2.67   3.47   36.74   35.43   37.91   23.26   22.45   24.19  13.97  12.37  14.64 0.000000
266.791667 266.833333  990.41  20.55  309.00   5.31   4.95   5.65   3.92   3.72   4.07   2.86   2.47   3.30   33.90   32.64   35.11   21.74   20.98   22.42  13.06  12.63  13.76 0.000000
266.833333 266.875000  990.10  19.60  309.87   4.66   4.18   5.17   3.63   3.31   3.94   2.32   2.04   2.74   31.33   29.56   33.36   19.99   18.72   21.21  12.01  10.93  12.69 0.000000
266.875000 266.916667  990.00  18.37  310.35   4.35   3.94   4.64   3.36   3.20   3.55   2.29   1.91   2.65   28.59   27.76   29.57   18.55   17.79   19.54  10.95  10.40  11.61 0.000000
266.916667 266.958333  989.93  20.44  310.31   4.42   4.18   4.60   3.64   3.41   3.86   2.52   2.24   2.78   30.13   29.41   30.83   19.67   19.14   20.29  11.65  11.04  12.34 0.000000
266.958333 267.000000  989.94  22.82  309.67   5.22   4.73   6.04   4.09   3.59   4.46   3.52   2.91   4.00   35.73   31.98   40.44   24.46   21.03   29.08  16.22  13.48  20.46 0.000000
267.000000 267.041667  990.15  25.32  307.80   5.71   5.33   6.00   4.33   4.04   4.56   3.45   2.96   3.83   37.47   35.49   39.30   24.97   23.35   26.81  15.48  13.86  17.20 0.000000
267.041667 267.083333  990.60  28.90  305.63   7.33   6.67   8.23   5.61   5.01   6.30   4.54   3.93   5.05   48.30   43.98   51.69   33.63   29.70   36.72  22.66  19.01  26.18 0.000000
267.083333 267.125000  990.76  31.26  304.56   6.97   6.59   7.54   5.34   5.04   5.60   4.14   3.82   4.38   47.20   45.33   50.20   31.98   30.71   34.11  20.63  19.55  22.83 0.000000
267.125000 267.166667  990.83  32.47  304.15   6.36   5.99   6.63   5.04   4.84   5.23   3.68   3.47   3.99   42.47   41.75   43.52   28.05   27.51   28.62  17.83  17.43  18.29 0.000000
267.166667 267.208333  990.79  33.36  303.70   6.54   6.17   6.78   4.93   4.65   5.19   3.71   3.36   3.95   44.28   42.43   46.70   28.78   27.06   30.36  17.65  16.15  19.06 0.000000
267.208333 267.250000  990.71  34.70  303.12   7.00   6.52   7.55   5.35   4.88   5.93   4.17   3.74   4.46   46.94   44.76   48.61   31.35   29.24   33.44  20.02  18.11  22.20 0.000000
267.250000 267.291667  990.58  36.53  302.33   6.28   5.98   6.64   5.00   4.69   5.20   3.74   3.52   3.96   46.06   44.98   46.66   30.19   29.58   30.77  18.24  17.94  18.63 0.000000
267.291667 267.333333  990.32  37.93  301.70   6.41   5.90   6.85   5.20   4.98   5.42   4.04   3.84   4.17   48.76   47.32   49.86   31.62   31.00   32.35  19.15  18.70  19.56 0.000000
267.333333 267.375000  990.17  38.91  301.11   6.87   6.54   7.23   5.55   5.27   5.83   3.96   3.84   4.05   51.49   49.96   52.78   33.41   32.43   34.20  20.02  19.19  20.54 0.000000
267.375000 267.416667  990.16  39.96  300.46   6.96   6.59   7.37   5.50   5.28   5.72   4.07   3.74   4.30   53.87   53.11   54.84   34.75   34.07   35.50  20.55  19.99  20.96 0.000000
267.416667 267.458333  990.41  41.09  299.79   7.06   6.70   7.41   5.64   5.47   5.85   4.26   4.11   4.44   55.17   54.28   56.63   35.63   35.09   36.44  21.42  20.82  22.26 0.000000
267.458333 267.500000  990.69  41.95  299.15   7.82   7.27   8.20   5.96   5.51   6.33   4.71   4.30   5.17   60.29   56.86   63.29   39.83   36.81   42.33  24.30  22.08  27.20 0.000000
267.500000 267.541667  991.31  43.16  299.14   8.69   7.82  10.53   7.28   6.37   9.17   5.97   5.03   8.04   71.24   66.39   83.65   48.95   44.26   62.48  31.98  26.87  45.67 0.000000
267.541667 267.583333  991.59  45.06  299.99   7.99   7.50   8.40   6.43   6.11   6.71   4.98   4.60   5.33   67.07   64.46   68.64   45.11   43.78   47.09  27.91  26.77  29.02 0.000000
267.583333 267.625000  991.59  42.01  301.26   7.72   7.17   8.16   6.10   5.97   6.54   4.88   4.44   5.18   59.76   55.57   63.18   40.77   37.45   42.55  26.26  24.54  28.39 0.000000
267.625000 267.666667  991.37  36.69  303.24   5.99   5.65   6.43   4.77   4.34   5.06   3.67   3.34   3.95   42.68   39.36   44.84   28.81   25.91   30.38  18.26  15.54  19.53 0.000000
267.666667 267.708333  990.88  32.53  305.09   5.64   5.33   6.15   4.35   4.05   4.60   3.06   2.76   3.36   37.71   36.14   40.37   24.76   23.92   26.05  15.41  14.62  16.04 0.000000
267.708333 267.750000  990.23  28.97  306.15   4.50   3.67   5.17   3.69   3.02   4.34   2.77   2.29   3.27   32.00   25.53   37.40   20.94   16.55   24.00  13.06  10.93  14.56 0.000000
267.750000 267.791667  989.51  25.66  307.43   4.19   3.53   4.45   3.26   2.78   3.33   2.51   2.09   2.81   28.11   24.62   28.64   19.21   16.56   19.38  12.62  10.13  12.70 0.390000
267.791667 267.833333  988.83  22.03  308.72   4.40   3.99   5.17   3.14   2.76   4.15   2.31   2.05   3.29   25.66   23.42   33.69   17.78   16.54   27.21  11.56  10.41  21.75 0.390000
267.833333 267.875000  988.26  20.33  309.77   4.32   3.84   4.91   3.26   2.98   3.50   2.65   2.04   3.06   25.93   23.49   26.97   17.57   15.84   18.71  11.65  10.16  12.43 0.000000
267.875000 267.916667  988.10  19.53  310.26   4.60   4.17   4.88   3.22   2.89   3.57   2.52   2.25   2.81   25.28   24.30   26.89   16.69   15.75   17.51  10.84   9.95  11.51 0.000000
267.916667 267.958333  988.45  19.93  310.10   4.29   3.99   4.58   3.25   2.99   3.53   2.21   1.86   2.66   25.46   24.80   26.02   16.83   16.23   17.34  10.57   9.95  11.25 0.000000
267.958333 268.000000  988.92  21.72  308.85   4.32   3.99   4.72   3.25   3.09   3.44   2.19   1.92   2.52   27.66   26.96   28.25   18.64   17.91   19.19  12.07  11.31  12.83 0.000000
268.000000 268.041667  989.47  24.46  307.17   4.87   4.40   5.23   3.71   3.52   3.94   2.68   2.31   3.06   31.72   30.12   33.41   21.79   20.83   22.81  14.09  13.59  14.67 0.394000
268.041667 268.083333  989.97  26.14  305.98   4.74   4.44   5.09   3.68   3.53   3.84   3.10   2.73   3.38   32.33   31.56   33.06   21.80   21.09   22.55  14.12  13.50  14.92 0.000000
268.083333 268.125000  990.27  27.55  305.41   5.12   4.81   5.38   3.71   3.56   3.86   2.83   2.63   3.06   31.95   31.22   32.24   21.77   21.45   22.15  14.35  13.71  15.14 0.000000
268.125000 268.166667  990.54  29.05  305.22   5.83   5.24   6.32   4.46   4.05   4.95   3.57   3.18   3.96   38.05   33.04   41.12   26.42   22.63   28.28  18.25  15.49  19.91 0.000000
268.166667 268.208333  990.67  30.18  304.91   6.17   5.86   6.47   4.62   4.44   4.79   3.73   3.45   3.94   42.57   41.75   44.04   29.57   29.02   30.36  19.81  19.05  20.42 0.000000
268.208333 268.250000  990.65  31.13  304.21   6.25   5.89   6.57   4.82   4.62   4.93   3.75   3.55   3.89   41.81   40.55   42.83   28.70   28.06   29.45  19.01  18.34  19.68 0.000000
268.250000 268.291667  990.74  32.10  303.51   6.30   5.96   6.68   4.62   4.38   4.79   3.44   3.20   3.68   39.06   38.34   40.00   27.07   26.86   27.46  17.92  17.59  18.42 0.000000
268.291667 268.333333  990.68  32.71  303.02   5.96   5.56   6.36   4.47   4.26   4.69   3.44   3.22   3.66   37.73   36.90   38.15   25.93   25.36   26.43  16.88  16.39  17.40 0.000000
268.333333 268.375000  990.76  33.17  302.53   5.68   5.34   5.99   4.53   4.30   4.76   3.32   3.13   3.54   37.72   37.29   38.55   25.39   24.93   25.70  16.59  15.95  17.19 0.000000
268.375000 268.416667  991.10  33.83  301.99   5.73   5.54   5.91   4.42   4.25   4.53   3.47   3.11   3.80   38.35   37.77   38.73   25.56   25.09   25.93  16.40  15.99  16.74 0.000000
268.416667 268.458333  991.45  34.83  301.45   5.99   5.56   6.31   4.59   4.37   4.86   3.41   3.17   3.57   38.71   38.22   39.15   25.60   25.26   26.11  16.38  16.04  16.98 0.000000
268.458333 268.500000  991.88  36.63  301.00   5.84   5.39   6.28   4.46   4.13   4.74   3.21   2.90   3.48   38.93   38.20   40.35   25.82   25.22   26.84  16.09  15.41  16.63 0.000000
268.500000 268.541667  992.12  39.18  300.75   4.73   4.31   5.14   3.68   3.45   3.89   2.77   2.66   2.91   31.91   30.91   32.76   21.33   20.95   21.76  13.39  13.05  14.00 0.000000
268.541667 268.583333  992.00  39.47  301.39   3.96   3.41   4.47   3.00   2.66   3.25   2.15   1.86   2.38   26.29   24.76   29.22   17.85   16.72   19.89  11.39  10.63  12.63 0.000000
268.583333 268.625000  991.93  38.58  302.84   3.31   2.85   3.75   2.49   2.28   2.72   2.08   1.75   2.28   23.03   22.03   23.70   15.69   14.74   16.30  10.23   9.65  10.56 0.000000
268.625000 268.666667  991.66  36.32  304.53   2.72   2.25   3.19   2.27   2.03   2.57   1.67   1.34   2.01   18.61   16.40   20.93   13.24   11.53   15.07   9.06   7.76  10.27 0.000000
268.666667 268.708333  991.06  33.84  305.43   2.06   1.57   2.38   1.85   1.63   2.07   1.77   1.43   2.13   17.20   15.93   18.61   12.17   11.57   12.80   8.82   8.10   9.38 0.000000
268.708333 268.750000  990.50  31.64  306.10   2.44   1.99   2.79   1.65   1.43   1.89   1.36   1.16   1.69   16.34   15.53   17.32   11.31   10.91   11.68   7.74   7.16   8.42 0.000000
268.750000 268.791667  989.69  29.86  306.87   2.52   2.22   2.88   1.80   1.47   2.07   1.36   0.98   1.70   15.60   14.20   16.84   10.97   10.01   11.76   7.53   6.72   8.51 0.000000
268.791667 268.833333  988.94  28.48  307.64   1.94   1.56   2.41   1.74   1.53   2.00   1.41   1.15   1.72   14.87   13.73   16.28   10.55    9.65   11.52   7.17   6.40   8.03 0.000000
268.833333 268.875000  988.65  28.55  308.28   2.47   2.07   2.89   1.84   1.61   2.03   1.47   1.19   1.73   16.70   14.65   18.68   11.79   10.13   13.06   7.97   6.80   8.99 0.000000
268.875000 268.916667  988.74  28.38  308.93   3.01   2.61   3.37   2.52   2.12   2.90   2.07   1.80   2.38   22.98   20.19   25.24   15.58   13.87   16.73   9.94   9.27  10.66 0.000000
268.916667 268.958333  988.69  27.24  309.97   3.56   3.14   3.83   2.77   2.57   3.08   2.05   1.57   2.34   25.93   24.64   27.07   17.96   16.81   19.14  11.86  10.90  12.80 0.000000
268.958333 269.000000  988.55  26.93  310.26   3.91   3.38   4.27   3.21   2.82   3.64   2.82   2.55   3.26   28.76   26.08   31.93   20.48   18.00   22.48  14.40  12.04  16.44 0.000000
269.000000 269.041667  988.44  27.43  310.12   4.23   3.82   4.65   3.34   3.06   3.62   3.08   2.71   3.65   30.02   28.06   31.83   21.40   20.05   23.61  14.92  13.29  17.44 0.000000
269.041667 269.083333  988.65  28.98  309.86   4.11   3.96   6.38   3.24   3.10   5.15   2.16   1.79   2.93   30.05   29.77   43.05   20.71   20.36   29.97  13.86  13.36  19.93 0.390000
269.083333 269.125000  989.07  30.20  309.54   3.44   3.23   3.68   3.10   2.87   3.34   2.36   2.04   2.61   26.90   26.54   27.72   17.64   17.16   18.17  10.78  10.14  11.43 0.000000
269.125000 269.166667  989.29  30.84  309.14   3.59   3.32   3.94   2.98   2.80   3.08   2.37   1.93   2.65   28.57   27.45   29.96   18.82   18.05   19.63  11.58  10.99  12.37 0.000000
269.166667 269.208333  989.11  31.46  308.68   4.03   3.70   4.35   3.09   2.88   3.27   2.61   2.24   2.93   30.99   30.06   31.69   20.30   19.67   21.02  12.59  12.22  13.10 0.000000
269.208333 269.250000  988.64  32.35  307.97   4.04   3.64   4.43   3.28   3.12   3.40   2.73   2.43   3.00   32.49   31.41   33.49   21.21   20.22   21.82  12.80  12.26  13.24 0.000000
