ebas_nasa_ames_betsy/US0035R.20150826223157.20160117041718.nephelometer..pm10.33d.1h.US06L_TSI_3563_BND_pm10.US06L_scat_coef.lev2.nas
86 1001
Ogren, John
US06L, National Oceanic and Atmospheric Administration, NOAA/ESRL/GMD, "Earth System Research Laboratory, Global Monitoring Division", 325 Broadway, , CO 80305-3, Boulder, U.S.A.
Ogren, John
GAW-WDCA NOAA-ESRL
1 1
2015 01 01 2016 01 17
0
days from file reference point
23
1 1 1 1 1 1 1 1 1 1 1 1 1 1 1 1 1 1 1 1 1 1 1
999.999999 9999.99 999.99 9999.99 999.99 999.99 999.99 999.99 999.99 999.99 999.99 999.99 999.99 9999.99 9999.99 9999.99 9999.99 9999.99 9999.99 999.99 999.99 999.99 9.999999
end_time of measurement, days from the file reference point
pressure, hPa, Location=instrument internal, Statistics=arithmetic mean, Matrix=instrument, Detection limit=, Detection limit expl.=
relative_humidity, %, Location=instrument outlet, Statistics=arithmetic mean, Matrix=instrument, Detection limit=, Detection limit expl.=
temperature, K, Location=instrument outlet, Statistics=arithmetic mean, Matrix=instrument, Detection limit=, Detection limit expl.=
aerosol_light_backscattering_coefficient, 1/Mm, Wavelength=450.0 nm, Statistics=arithmetic mean
aerosol_light_backscattering_coefficient, 1/Mm, Wavelength=450.0 nm, Statistics=percentile:15.87
aerosol_light_backscattering_coefficient, 1/Mm, Wavelength=450.0 nm, Statistics=percentile:84.13
aerosol_light_backscattering_coefficient, 1/Mm, Wavelength=550.0 nm, Statistics=arithmetic mean
aerosol_light_backscattering_coefficient, 1/Mm, Wavelength=550.0 nm, Statistics=percentile:15.87
aerosol_light_backscattering_coefficient, 1/Mm, Wavelength=550.0 nm, Statistics=percentile:84.13
aerosol_light_backscattering_coefficient, 1/Mm, Wavelength=700.0 nm, Statistics=arithmetic mean
aerosol_light_backscattering_coefficient, 1/Mm, Wavelength=700.0 nm, Statistics=percentile:15.87
aerosol_light_backscattering_coefficient, 1/Mm, Wavelength=700.0 nm, Statistics=percentile:84.13
aerosol_light_scattering_coefficient, 1/Mm, Wavelength=450.0 nm, Statistics=arithmetic mean
aerosol_light_scattering_coefficient, 1/Mm, Wavelength=450.0 nm, Statistics=percentile:15.87
aerosol_light_scattering_coefficient, 1/Mm, Wavelength=450.0 nm, Statistics=percentile:84.13
aerosol_light_scattering_coefficient, 1/Mm, Wavelength=550.0 nm, Statistics=arithmetic mean
aerosol_light_scattering_coefficient, 1/Mm, Wavelength=550.0 nm, Statistics=percentile:15.87
aerosol_light_scattering_coefficient, 1/Mm, Wavelength=550.0 nm, Statistics=percentile:84.13
aerosol_light_scattering_coefficient, 1/Mm, Wavelength=700.0 nm, Statistics=arithmetic mean
aerosol_light_scattering_coefficient, 1/Mm, Wavelength=700.0 nm, Statistics=percentile:15.87
aerosol_light_scattering_coefficient, 1/Mm, Wavelength=700.0 nm, Statistics=percentile:84.13
numflag, no unit
0
49
Data definition:              EBAS_1.1
Set type code:                TI
Timezone:                     UTC
File name:                    US0035R.20150826223157.20160117041718.nephelometer..pm10.33d.1h.US06L_TSI_3563_BND_pm10.US06L_scat_coef.lev2.nas
File creation:                20190115074008
Startdate:                    20150826223157
Revision date:                20160117041718
Version:                      1
Version description:          "Version numbering not tracked, generated by CPD3 EBAS Export 5247 compiled at 2016-01-12T14:59:05 run as PID 16034 run by aerosol(100) on aero2.cmdl.noaa.gov with da.tasks --daily"
[...]
Zero/negative values code:    Zero/negative possible
Zero/negative values:         Zero and neg. values may appear due to statistical variations at very low concentrations
Originator:                   Ogren, John, John.A.Ogren@noaa.gov, National Oceanic and Atmospheric Administration/Earth System Research Laboratory/Global Monitoring Division, NOAA/ESRL/GMD, , 325 Broadway, , 80305, "Boulder, CO", USA
Submitter:                    Ogren, John, John.A.Ogren@noaa.gov, National Oceanic and Atmospheric Administration/Earth System Research Laboratory/Global Monitoring Division, NOAA/ESRL/GMD, , 325 Broadway, , 80305, "Boulder, CO", USA
Acknowledgement:              Request acknowledgement details from data originator
Comment:                      Standard Anderson & Ogren 1998 values used for truncation correction
starttime endtime P rH T aerosol_light_backscattering_coefficient aerosol_light_backscattering_coefficient aerosol_light_backscattering_coefficient aerosol_light_backscattering_coefficient aerosol_light_backscattering_coefficient aerosol_light_backscattering_coefficient aerosol_light_backscattering_coefficient aerosol_light_backscattering_coefficient aerosol_light_backscattering_coefficient aerosol_light_scattering_coefficient aerosol_light_scattering_coefficient aerosol_light_scattering_coefficient aerosol_light_scattering_coefficient aerosol_light_scattering_coefficient aerosol_light_scattering_coefficient aerosol_light_scattering_coefficient aerosol_light_scattering_coefficient aerosol_light_scattering_coefficient flag
[from data line 431]
255.875000 255.916667  985.07  14.04  309.91   1.50   1.31   1.73   1.06   0.90   1.15   1.11   0.76   1.56    9.61    9.27   10.53    6.74    6.38    7.19   4.17   3.78   4.50 0.000000
255.916667 255.958333  984.84  14.05  310.21   1.68   1.31   2.03   1.26   1.08   1.46   0.85   0.49   1.27   10.36    9.97   10.80    7.20    6.76    7.67   4.69   4.04   5.22 0.000000
255.958333 256.000000  984.90  14.43  310.02   1.89   1.41   2.29   1.34   1.17   1.47   0.97   0.82   1.13   10.95   10.30   11.65    7.70    7.25    8.29   4.96   4.38   5.65 0.000000
256.000000 256.041667  985.00  14.71  309.00   1.58   1.27   1.92   1.35   1.19   1.52   0.87   0.56   1.17   11.59   10.44   11.91    8.32    7.56    8.53   5.54   5.04   6.08 0.000000
256.041667 256.083333  985.60  19.64  307.11   1.39   1.05   1.69   1.12   0.93   1.29   1.21   0.98   1.44   10.33    9.77   10.74    7.34    6.95    7.68   5.20   4.78   5.65 0.000000
256.083333 256.125000  985.99  23.12  305.11   1.47   1.12   1.84   1.20   1.04   1.35   1.13   0.80   1.47   10.39   10.07   10.84    7.17    6.85    7.47   4.94   4.55   5.40 0.000000
256.125000 256.166667  986.34  25.79  303.26   1.95   1.63   2.37   1.33   1.10   1.56   0.80   0.64   0.93   11.00   10.52   11.68    7.62    7.27    8.01   5.04   4.72   5.42 0.000000
256.166667 256.208333  986.56  28.12  301.68   1.55   1.34   1.77   1.28   1.10   1.41   1.00   0.76   1.18   12.23   11.83   12.71    8.30    7.97    8.72   5.24   4.84   5.60 0.000000
256.208333 256.250000  986.70  29.99  300.33   1.84   1.55   2.15   1.50   1.33   1.67   1.17   0.97   1.38   12.23   11.77   12.96    8.36    8.14    8.82   5.86   5.48   6.31 0.000000
256.250000 256.291667  986.87  30.05  300.18   1.90   1.66   2.18   1.57   1.42   1.73   1.10   0.95   1.30   13.47   12.94   13.80    9.30    8.84    9.75   6.07   5.68   6.43 0.000000
256.291667 256.333333  987.23  30.16  300.04   1.93   1.67   2.19   1.51   1.37   1.64   1.23   1.00   1.42   13.29   13.08   13.87    8.92    8.70    9.31   5.57   5.33   5.80 0.000000
256.333333 256.375000  987.27  30.68  299.98   1.92   1.37   2.21   1.43   1.27   1.61   0.99   0.77   1.18   13.16   12.51   13.72    8.88    8.61    9.21   5.48   5.27   6.07 0.000000
256.375000 256.416667  987.53  31.25  299.94   1.84   1.61   2.23   1.44   1.26   1.61   1.13   0.90   1.42   13.07   12.43   13.54    8.70    8.35    8.97   5.86   5.33   6.39 0.000000
256.416667 256.458333  987.82  31.81  299.93   2.14   1.97   2.46   1.53   1.39   1.74   1.07   0.91   1.35   13.18   12.80   13.75    8.87    8.50    9.09   5.39   5.09   5.67 0.000000
256.458333 256.500000  988.24  32.00  299.87   2.07   1.74   2.40   1.47   1.24   1.69   1.23   1.10   1.38   14.25   13.53   15.13    9.82    9.33   10.39   6.57   6.06   6.97 0.000000
256.500000 256.541667  988.93  33.74  299.89   2.31   2.04   2.61   1.90   1.73   2.04   1.36   1.21   1.52   16.02   15.52   16.53   10.86   10.50   11.17   7.33   6.93   7.64 0.000000
256.541667 256.583333  989.39  35.70  299.37   2.61   2.24   2.88   1.80   1.54   2.04   1.48   1.30   1.64   16.67   15.20   16.75   11.66   10.64   11.82   7.45   6.89   7.78 0.000000
256.583333 256.625000  989.49  34.02  300.07   2.70   2.30   3.01   2.54   2.30   2.86   1.85   1.64   2.06   20.92   19.32   22.32   14.67   13.01   15.85   9.97   9.10  10.70 0.000000
256.625000 256.666667  989.52  30.61  301.77   3.37   2.89   3.78   2.47   2.08   2.80   1.89   1.57   2.14   20.41   17.60   22.67   14.12   12.63   15.47   9.35   8.15  10.23 0.000000
256.666667 256.708333  989.12  27.93  303.42   4.40   3.92   4.80   3.51   3.27   3.75   2.76   2.53   2.94   30.47   29.39   31.84   21.12   20.30   21.86  13.92  13.16  14.51 0.000000
256.708333 256.750000  988.84  26.74  304.29   3.38   3.13   3.66   2.60   2.39   2.77   1.91   1.69   2.14   22.31   20.47   24.48   15.72   14.38   17.29  10.71   9.86  11.80 0.000000
256.750000 256.791667  988.53  26.97  304.89   3.13   2.77   3.55   2.34   2.13   2.56   1.76   1.50   2.12   19.88   18.71   21.17   13.74   12.94   14.80   9.77   9.21  10.53 0.000000
256.791667 256.833333  988.09  26.43  305.71   2.54   2.18   2.90   2.32   2.11   2.53   2.15   1.94   2.37   19.31   18.72   19.97   13.75   13.37   14.34   9.83   9.14  10.75 0.000000
256.833333 256.875000  987.80  25.14  306.79   2.87   2.60   3.06   2.57   2.40   2.77   2.08   1.69   2.44   19.62   18.94   20.30   13.72   13.29   14.27   9.40   9.10   9.86 0.000000
256.875000 256.916667  987.67  24.15  307.36   2.94   2.71   3.20   2.51   2.32   2.75   1.84   1.49   2.11   20.18   19.25   20.88   13.97   13.32   14.72   9.81   9.20  10.36 0.000000
256.916667 256.958333  987.66  24.44  307.52   2.98   2.77   3.27   2.37   2.23   2.54   1.94   1.64   2.19   20.30   19.83   21.08   13.94   13.48   14.27   9.22   8.66   9.67 0.000000
256.958333 257.000000  987.80  25.92  307.10   2.85   2.56   3.03   2.36   2.23   2.52   1.75   1.40   2.11   20.52   19.76   21.17   14.45   13.86   15.03   9.65   9.08  10.31 0.000000
257.000000 257.041667  988.13  28.22  305.78   3.45   3.16   3.80   2.69   2.45   2.88   2.13   1.87   2.47   22.13   21.36   22.99   15.80   14.90   16.64  11.01  10.04  12.02 0.000000
257.041667 257.083333  988.75  30.31  304.58   3.91   3.61   4.28   2.67   2.47   2.97   2.23   1.90   2.48   22.72   21.61   23.47   15.80   15.15   16.52  10.50   9.98  11.27 0.000000
257.083333 257.125000  989.32  31.95  304.11   3.82   3.34   4.23   2.88   2.72   3.19   2.12   1.89   2.35   24.05   23.21   25.02   16.33   15.59   16.90  10.76  10.25  11.15 0.000000
257.125000 257.166667  989.77  32.89  303.69   4.04   3.64   4.33   3.02   2.85   3.23   2.21   2.04   2.39   24.73   24.13   25.08   16.88   16.33   17.31  10.96  10.78  11.30 0.000000
257.166667 257.208333  990.21  33.70  303.08   3.99   3.59   4.33   2.99   2.77   3.21   2.20   1.94   2.47   24.75   24.28   25.03   16.93   16.55   17.32  11.42  11.16  11.82 0.000000
257.208333 257.250000  990.57  34.53  302.36   3.61   3.28   3.98   2.70   2.51   2.91   2.11   1.91   2.34   24.17   23.71   24.89   16.54   16.17   17.00  11.08  10.66  11.54 0.000000
257.250000 257.291667  990.91  35.51  301.70   3.85   3.48   4.14   2.72   2.46   2.93   2.19   2.02   2.36   23.36   22.81   23.70   15.74   15.21   16.19  10.35   9.99  10.78 0.000000
257.291667 257.333333  991.01  36.52  301.13   3.33   3.05   3.57   2.82   2.66   2.97   1.97   1.74   2.16   23.28   22.60   24.02   15.68   15.35   16.08  10.08   9.65  10.47 0.000000
257.333333 257.375000  991.24  36.46  300.69   3.66   3.28   3.99   2.67   2.44   2.92   2.08   1.93   2.23   22.21   21.68   22.71   14.87   14.51   15.32   9.54   9.08   9.88 0.000000
257.375000 257.416667  991.74  37.43  300.29   3.61   3.33   3.90   2.73   2.59   2.84   2.03   1.86   2.23   23.19   22.57   23.60   15.50   15.05   15.87   9.33   8.95   9.72 0.000000
257.416667 257.458333  992.12  38.04  299.89   3.71   3.43   4.06   2.59   2.42   2.76   1.92   1.75   2.08   22.60   21.91   23.04   14.97   14.58   15.29   9.27   8.96   9.61 0.000000
257.458333 257.500000  992.49  38.92  299.50   3.79   3.49   4.22   2.60   2.45   2.75   1.92   1.69   2.17   22.58   22.10   23.17   15.05   14.56   15.51   9.65   9.18  10.39 0.000000
257.500000 257.541667  992.84  39.74  299.29   3.67   3.35   6.79   2.81   2.64   5.17   2.02   1.87   4.15   24.77   23.03   46.66   16.75   15.24   30.97  11.15  10.03  20.42 0.394000
257.541667 257.583333  993.15  39.85  299.57   3.48   3.12   3.76   2.72   2.60   2.84   1.95   1.81   2.06   22.64   21.89   23.28   15.08   14.49   15.57   9.65   9.13  10.20 0.000000
257.583333 257.625000  993.44  36.49  301.01   3.12   2.69   3.48   2.46   2.21   2.61   1.69   1.50   1.83   20.63   20.04   21.26   13.50   13.15   13.84   8.62   8.31   8.83 0.000000
257.625000 257.666667  993.47  31.51  302.98   3.17   2.84   3.62   2.34   2.09   2.60   1.65   1.42   1.93   19.60   18.54   20.43   12.75   12.15   13.31   7.63   7.00   8.07 0.000000
257.666667 257.708333  993.06  27.77  304.15   3.05   2.64   3.40   2.37   2.21   2.53   1.71   1.51   1.97   19.77   19.15   20.42   12.77   12.34   13.26   7.93   7.47   8.33 0.000000
257.708333 257.750000  992.61  25.18  304.92   3.62   3.32   3.89   2.38   2.16   2.59   1.78   1.63   2.06   19.83   18.88   20.97   12.73   12.09   13.39   7.85   7.34   8.21 0.000000
257.750000 257.791667  992.09  22.23  306.72   3.64   3.33   3.96   2.51   2.28   2.70   1.63   1.40   1.87   20.13   19.22   21.28   13.20   12.60   13.69   8.52   7.99   8.89 0.000000
257.791667 257.833333  991.48  21.08  308.02   4.01   3.68   4.33   2.51   2.27   2.78   1.75   1.32   2.16   20.41   19.21   20.81   13.20   12.12   13.80   8.30   7.59   8.82 0.000000
257.833333 257.875000  990.98  20.25  308.62   3.85   3.51   4.39   2.78   2.53   3.08   1.60   1.24   1.97   21.42   20.23   22.62   13.76   12.98   14.70   8.26   7.57   8.83 0.000000
257.875000 257.916667  990.71  19.68  309.08   3.36   2.99   3.70   2.50   2.38   2.63   2.10   1.75   2.36   20.71   19.91   21.62   13.86   13.40   14.33   8.92   8.44   9.66 0.000000
257.916667 257.958333  990.55  19.06  309.26   2.93   2.49   3.36   2.35   2.11   2.58   1.80   1.31   2.07   18.86   18.13   19.54   12.78   12.07   13.24   8.44   7.79   8.83 0.000000
257.958333 258.000000  990.72  20.44  308.71   3.11   2.73   3.43   2.15   1.91   2.33   1.65   1.29   1.95   19.61   18.65   20.03   13.30   12.74   14.08   8.30   7.65   8.89 0.000000
258.000000 258.041667  991.02  22.58  307.08   3.62   2.90   4.28   3.02   2.44   3.59   2.33   1.79   2.93   24.63   20.83   29.17   17.78   14.09   21.87  13.07   9.29  17.85 0.000000
258.041667 258.083333  991.36  26.20  305.11   5.01   4.49   5.33   4.03   3.56   4.45   3.44   2.88   4.09   33.61   30.42   36.89   25.55   22.70   28.72  19.86  16.97  23.39 0.000000
258.083333 258.125000  991.82  27.82  304.17   4.16   3.92   4.47   3.03   2.86   3.21   2.39   2.21   2.55   25.83   25.11   26.56   17.70   17.15   18.08  11.91  11.47  12.33 0.000000
258.125000 258.166667  992.08  29.80  303.34   4.08   3.76   4.44   3.20   3.01   3.38   2.48   2.23   2.72   26.53   25.75   27.40   17.92   17.43   18.43  11.55  11.18  11.84 0.000000
258.166667 258.208333  992.34  31.70  302.41   4.34   3.99   4.74   3.47   3.31   3.65   2.74   2.51   2.99   28.54   28.16   29.14   19.13   18.78   19.41  12.24  11.60  12.70 0.000000
258.208333 258.250000  992.60  33.33  301.53   4.92   4.52   5.24   3.90   3.71   4.10   2.77   2.54   3.07   31.77   30.07   33.59   21.04   19.91   21.98  13.02  12.45  13.51 0.000000
258.250000 258.291667  992.73  34.70  300.72   5.17   4.86   5.44   4.18   4.01   4.41   3.06   2.84   3.21   34.71   33.60   35.57   22.88   21.95   23.30  14.31  13.75  14.65 0.000000
258.291667 258.333333  992.71  36.35  299.98   5.76   5.46   6.16   4.48   4.33   4.65   3.05   2.85   3.20   37.48   36.61   38.19   24.56   23.75   25.22  15.11  14.70  15.69 0.000000
258.333333 258.375000  992.56  38.34  299.30   6.26   5.81   6.51   4.68   4.46   4.81   3.48   3.33   3.66   40.94   39.40   41.87   26.52   25.63   27.44  16.11  15.54  16.87 0.000000
258.375000 258.416667  992.45  40.04  298.75   6.59   6.20   6.97   5.04   4.74   5.26   3.69   3.52   3.84   44.02   42.13   45.69   28.43   27.37   29.60  16.89  16.33  17.42 0.000000
258.416667 258.458333  992.42  41.37  298.39   7.30   7.01   7.58   5.30   5.15   5.47   3.90   3.76   4.09   47.95   47.13   48.40   30.51   30.09   30.86  18.08  17.83  18.42 0.000000
258.458333 258.500000  992.66  42.58  298.11   7.29   6.99   7.62   5.34   5.10   5.57   4.23   4.04   4.43   49.38   48.51   50.01   31.71   31.30   32.25  18.71  18.44  19.00 0.000000
258.500000 258.541667  993.22  44.50  298.09   7.07   6.77   7.50   5.41   5.22   5.64   3.99   3.74   4.23   49.24   47.82   50.50   31.66   30.84   32.48  18.71  17.90  19.44 0.000000
258.541667 258.583333  993.41  44.73  298.95   6.01   5.68   6.39   4.60   4.35   4.81   3.62   3.45   3.83   42.65   41.26   43.63   27.45   26.49   28.14  16.55  15.68  17.06 0.000000
258.583333 258.625000  993.44  41.28  300.80   7.43   5.99   9.37   5.42   4.35   6.80   4.13   3.32   5.16   51.78   40.64   66.03   32.34   26.13   41.09  18.24  15.44  22.30 0.000000
258.625000 258.666667  993.33  35.76  303.04   8.92   8.04  10.32   6.86   6.14   7.65   4.82   4.13   5.45   62.99   57.24   72.45   38.80   35.41   44.48  21.42  19.71  23.94 0.000000
258.666667 258.708333  992.84  32.55  304.39   8.55   8.08   9.00   6.23   5.97   6.40   4.41   4.16   4.67   58.78   56.70   60.29   36.38   35.32   37.38  20.06  19.51  20.79 0.000000
258.708333 258.750000  992.12  29.88  305.49   8.27   7.87   8.65   6.31   6.10   6.49   4.62   4.33   4.81   58.26   56.84   59.19   36.30   35.63   36.79  20.64  19.84  21.27 0.000000
258.750000 258.791667  991.27  26.08  306.93   7.21   6.31   7.81   5.30   4.83   5.81   4.08   3.65   4.51   51.34   47.30   54.88   31.94   28.95   34.00  18.07  16.54  19.37 0.000000
258.791667 258.833333  990.40  22.27  308.14   5.88   5.60   6.04   4.56   4.25   4.88   3.33   2.99   3.66   42.48   40.33   45.11   26.58   25.47   28.33  15.42  14.67  16.52 0.000000
258.833333 258.875000  989.62  22.70  309.12   6.02   5.57   6.36   4.74   4.43   5.13   3.74   3.23   4.29   45.84   43.71   48.30   28.99   27.25   30.45  16.90  15.69  17.68 0.000000
258.875000 258.916667  989.13  22.98  309.78   6.82   6.38   7.10   5.10   4.91   5.29   3.81   3.42   4.26   49.51   47.98   51.50   31.24   29.91   32.27  17.67  16.62  18.39 0.000000
258.916667 258.958333  988.87  22.89  310.03   7.01   6.60   7.46   5.47   5.27   5.65   4.00   3.57   4.40   53.89   52.85   55.00   34.33   33.45   35.12  19.73  18.68  20.67 0.000000
258.958333 259.000000  988.70  24.16  309.53   7.79   7.27   8.27   6.11   5.88   6.43   4.74   4.35   5.05   59.03   55.48   61.25   37.44   34.94   38.76  21.54  19.94  22.46 0.000000
259.000000 259.041667  988.74  26.25  308.10   9.29   8.51  10.30   7.24   6.58   8.14   5.91   5.11   7.02   70.95   66.45   78.96   46.88   42.86   55.02  29.21  25.22  37.69 0.000000
259.041667 259.083333  989.08  30.50  305.89   9.63   8.93  10.17   7.90   7.32   8.55   6.48   6.05   7.00   77.95   72.81   84.24   52.03   47.70   57.34  32.50  28.84  36.89 0.000000
259.083333 259.125000  989.23  33.88  304.56   9.61   9.08  10.16   7.70   7.39   8.11   6.25   5.68   6.73   78.64   76.11   80.05   50.97   48.81   52.76  30.18  28.23  31.80 0.000000
259.125000 259.166667  989.37  34.92  304.09   8.99   8.65   9.34   7.21   7.05   7.46   5.69   5.43   5.89   75.45   73.92   76.73   48.09   47.41   48.92  27.35  26.79  27.73 0.000000
259.166667 259.208333  989.31  35.81  303.55   8.87   8.56   9.14   6.99   6.74   7.19   5.44   5.20   5.74   72.40   71.48   73.06   45.88   45.24   46.43  25.92  25.34  26.33 0.000000
259.208333 259.250000  988.92  37.34  302.94   8.97   8.48   9.43   6.99   6.81   7.19   5.20   4.87   5.49   72.31   71.13   73.14   46.21   45.42   47.11  26.75  26.08  27.69 0.000000
259.250000 259.291667  988.57  38.83  302.30   9.34   9.08   9.67   7.03   6.79   7.18   5.40   5.14   5.68   74.35   73.18   75.61   47.20   46.35   48.15  27.07  26.62  27.42 0.000000
259.291667 259.333333  988.28  39.55  301.84   9.29   8.91   9.58   7.03   6.83   7.26   5.57   5.36   5.69   75.64   75.14   76.42   48.21   47.52   48.86  27.77  27.21  28.30 0.000000
259.333333 259.375000  988.25  40.09  301.42   9.20   8.91   9.58   7.30   7.05   7.58   5.54   5.23   5.88   77.89   77.03   78.71   49.58   48.77   50.12  28.20  27.89  28.63 0.000000
259.375000 259.416667  988.25  40.85  301.01   9.37   9.21   9.65   7.33   7.13   7.49   5.88   5.70   6.08   79.58   78.59   80.00   50.72   50.07   51.33  29.38  28.84  29.69 0.000000
