ebas_nasa_ames_betsy/US0035R.20100101000000.20190131170718.aerosol_light_scattering_coefficient.pm10.1y.1h.lev2.nas
91 1001
Sheridan, Patrick
US06L, National Oceanic and Atmospheric Administration/Earth System Research Laboratory/Global Monitoring Division, NOAA/ESRL/GMD, , 325 Broadway, , 80305, "Boulder, CO", USA
Sheridan, Patrick
GAW-WDCA NOAA-ESRL
1 1
2010 01 01 2019 01 31
0.041667
Days from the file reference point (start_time)
25
1 1 1 1 1 1 1 1 1 1 1 1 1 1 1 1 1 1 1 1 1 1 1 1 1
9999.999999 9999 9999 9999.99 9999.99 9999.99 9999.99 9999.99 9999.99 9999.99 9999.99 9999.99 9999.99 9999.99 9999.99 9999.99 9999.99 9999.99 9999.99 9999.99 9999.99 9999.99 9999.99 9999.99 9.999999999999999
end_time of measurement, days from the file reference point
start_time of measurement, year
end_time of measurement, year
pressure, hPa, Location=instrument internal, Matrix=instrument
temperature, K, Location=instrument internal, Matrix=instrument
relative_humidity, %, Location=instrument internal, Matrix=instrument
aerosol_light_scattering_coefficient, 1/Mm, Wavelength=450 nm
aerosol_light_scattering_coefficient, 1/Mm, Wavelength=550 nm
aerosol_light_scattering_coefficient, 1/Mm, Wavelength=700 nm
aerosol_light_backscattering_coefficient, 1/Mm, Wavelength=450 nm
aerosol_light_backscattering_coefficient, 1/Mm, Wavelength=550 nm
aerosol_light_backscattering_coefficient, 1/Mm, Wavelength=700 nm
aerosol_light_scattering_coefficient, 1/Mm, Wavelength=450 nm, Statistics=percentile:15.87
aerosol_light_scattering_coefficient, 1/Mm, Wavelength=550 nm, Statistics=percentile:15.87
aerosol_light_scattering_coefficient, 1/Mm, Wavelength=700 nm, Statistics=percentile:15.87
aerosol_light_backscattering_coefficient, 1/Mm, Wavelength=450 nm, Statistics=percentile:15.87
aerosol_light_backscattering_coefficient, 1/Mm, Wavelength=550 nm, Statistics=percentile:15.87
aerosol_light_backscattering_coefficient, 1/Mm, Wavelength=700 nm, Statistics=percentile:15.87
aerosol_light_scattering_coefficient, 1/Mm, Wavelength=450 nm, Statistics=percentile:84.13
aerosol_light_scattering_coefficient, 1/Mm, Wavelength=550 nm, Statistics=percentile:84.13
aerosol_light_scattering_coefficient, 1/Mm, Wavelength=700 nm, Statistics=percentile:84.13
aerosol_light_backscattering_coefficient, 1/Mm, Wavelength=450 nm, Statistics=percentile:84.13
aerosol_light_backscattering_coefficient, 1/Mm, Wavelength=550 nm, Statistics=percentile:84.13
aerosol_light_backscattering_coefficient, 1/Mm, Wavelength=700 nm, Statistics=percentile:84.13
numflag
0
52
Data definition:              EBAS_1.1
Set type code:                TU
Station code:                 US0035R
Platform code:                US0035S
Timezone:                     UTC
Startdate:                    20100101000000
Timeref:                      00_00
Revision date:                20190131170718
Component:                    aerosol_light_scattering_coefficient
Unit:                         1/Mm
Matrix:                       pm10
Period code:                  1y
Resolution code:              1h
Sample duration:              1h
Laboratory code:              US06L
Instrument type:              nephelometer
Instrument manufacturer:      TSI
Instrument model:             3563
Instrument name:              TSI_3563_BND
Instrument serial number:     1045
Method ref:                   US06L_scat_coef
[...]
Data level:                   2
Version:                      1
Version description:          Version numbering not tracked, generated by CPD3 EBAS Export v21-39-g22761e9 run as da.output.ebas (30489) run by hageman on aero.cmdl.noaa.gov via da.output.ebas --type=Neph_L2_PM10 bnd 2010
Measurement height:           10m
Inlet type:                   Impactor--direct
Inlet description:            Switched impactor at 10 um
Humidity/temperature control: Heating to 40% RH, limit 40 deg. C
Volume std. temperature:      273.15K
Volume std. pressure:         1013.25hPa
Detection limit:              0.4 1/Mm
Detection limit expl.:        Determined by instrument noise on filtered air (2 standard deviations), no detection limit flag used
Zero/negative values code:    Zero/negative possible
Zero/negative values:         Zero and neg. values may appear due to statistical variations at very low concentrations
Standard method:              cal-gas=CO2+AIR_truncation-correction=Anderson1998
Comment:                      Standard Anderson & Ogren 1998 values used for truncation correction
Acknowledgement:              Request acknowledgement details from data originator
Station GAW-Name:             Bondville, Illinois
 start_time    end_time st_y ed_y   p_int   T_int  RH_int   sc450   sc550   sc700  bsc450  bsc550  bsc700 sc450pc16 sc550pc16 sc700pc16 bsc450pc16 bsc550pc16 bsc700pc16 sc450pc84 sc550pc84 sc700pc84 bsc450pc84 bsc550pc84 bsc700pc84           numflag
[from data line 3649]
 152.041667  152.083333 2010 2010  980.89  304.38   51.11  136.21   92.83   55.85   12.39    9.29    8.06     97.61     66.09     40.08       9.52       7.03       6.26    172.10    117.44     70.78      15.71      11.42       9.92 0.000000000000000
 152.083333  152.125000 2010 2010  981.52  305.02   50.38  188.80  128.91   77.86   16.33   12.71   10.95    184.09    124.71     74.80      15.72      12.16      10.53    194.26    132.65     80.23      16.84      13.11      11.44 0.000000000000000
 152.125000  152.166667 2010 2010  981.36  305.34   48.51  173.55  119.12   72.46   15.43   11.83   10.07    166.35    114.55     70.22      14.89      11.44       9.69    181.76    125.80     75.39      16.01      12.31      10.37 0.000000000000000
 152.166667  152.208333 2010 2010  980.98  305.59   47.03  158.51  109.74   67.16   13.86   10.86    9.11    155.90    107.20     65.99      13.28      10.64       8.70    160.58    111.23     68.18      14.62      11.08       9.54 0.000000000000000
 152.208333  152.250000 2010 2010  979.93  305.60   47.43  172.58  121.00   75.17   15.29   11.73   10.08    168.88    117.66     72.79      14.73      11.49       9.71    176.55    123.15     76.84      15.95      11.98      10.47 0.000000000000000
 152.250000  152.291667 2010 2010  979.50  305.37   49.20  192.52  135.96   85.72   17.11   13.24   11.40    188.75    133.33     84.40      16.51      12.88      11.12    195.84    138.23     87.32      17.66      13.54      11.72 0.000000000000000
 152.291667  152.333333 2010 2010  979.10  305.35   49.41  183.16  128.53   80.83   16.55   12.84   11.02    181.51    126.85     79.84      16.13      12.58      10.76    186.59    130.90     82.72      16.95      13.11      11.36 0.000000000000000
 152.333333  152.375000 2010 2010  980.82  305.14   40.89   16.02   15.85   15.23    1.79    1.51    1.63     12.25     11.68     10.84       1.38       1.08       1.12     19.59     20.54     19.16       2.20       2.00       2.17 0.000000000000000
 152.375000  152.416667 2010 2010  979.63  304.63   42.28    8.78    8.75    8.00    0.73    0.65    0.83      7.86      7.77      7.36       0.47       0.48       0.70      9.50      9.72      8.68       1.01       0.82       0.96 0.000000000000000
 152.416667  152.458333 2010 2010  979.08  304.21   44.46    9.72    8.97    8.51    1.16    0.95    0.90      8.67      8.33      7.94       0.79       0.79       0.75     10.18      9.83      9.20       1.54       1.07       1.09 0.000000000000000
 152.458333  152.500000 2010 2010  978.64  303.95   44.58    9.43    8.15    7.47    0.71    0.90    0.94      8.83      7.80      6.74       0.40       0.71       0.77     10.13      8.49      8.17       0.97       1.09       1.07 0.000000000000000
 152.500000  152.541667 2010 2010  979.68  303.90   44.40    9.09    7.66    6.26    1.07    0.79    0.88      8.62      7.30      5.93       0.80       0.66       0.65      9.42      8.07      6.80       1.47       0.94       1.10 0.000000000000000
 152.541667  152.583333 2010 2010  979.34  304.03   44.54   10.03    8.25    6.91    1.22    0.98    1.02      9.37      7.88      6.49       0.82       0.88       0.77     10.60      8.57      7.31       1.56       1.09       1.27 0.000000000000000
 152.583333  152.625000 2010 2010  980.17  304.38   45.00   12.13    9.44    7.24    1.47    1.29    1.09     11.06      8.88      6.71       1.14       1.11       0.86     13.07     10.15      7.95       1.72       1.48       1.26 0.000000000000000
 152.625000  152.666667 2010 2010  980.33  304.64   45.22   13.84   10.27    7.98    1.98    1.51    1.38     13.15      9.97      7.62       1.76       1.42       1.21     14.41     10.54      8.44       2.22       1.65       1.57 0.000000000000000
 152.666667  152.708333 2010 2010  980.26  304.85   44.50   14.18   11.19    8.34    1.93    1.46    1.31     12.88     10.53      7.87       1.64       1.28       1.09     15.43     11.87      8.81       2.23       1.63       1.60 0.000000000000000
 152.708333  152.750000 2010 2010  980.00  304.95   42.64   15.86   12.04    9.03    1.86    1.69    1.37     15.07     11.70      8.64       1.70       1.59       1.21     16.33     12.30      9.41       2.14       1.83       1.56 0.000000000000000
 152.750000  152.791667 2010 2010  980.03  304.96   42.90   16.66   12.45    9.63    1.99    1.62    1.75     15.99     12.07      9.34       1.64       1.48       1.61     17.26     12.79     10.05       2.35       1.72       1.86 0.000000000000000
 152.791667  152.833333 2010 2010  979.82  304.85   42.38   17.07   12.61    9.04    2.13    1.65    1.62     16.67     12.31      8.58       1.91       1.56       1.39     17.50     12.82      9.42       2.31       1.72       1.86 0.390456000000000
 152.833333  152.875000 2010 2010  976.27  305.23   38.60 9999.99 9999.99 9999.99 9999.99 9999.99 9999.99     16.72     12.06      8.02       1.81       1.40       1.22     17.56     12.52      8.90       2.37       1.53       1.37 0.000000000000000
 152.875000  152.916667 2010 2010  979.08  305.09   39.99   21.08   14.92    9.63    2.47    2.00    1.47     18.76     13.55      8.82       2.10       1.82       1.27     23.57     16.71     10.89       2.69       2.15       1.68 0.000000000000000
 152.916667  152.958333 2010 2010  978.69  304.49   43.61   28.88   19.86   12.86    2.73    2.49    2.28     26.71     18.55     12.06       2.48       2.13       2.06     31.03     21.11     13.39       2.91       2.80       2.43 0.000000000000000
 152.958333  153.000000 2010 2010  978.45  304.34   45.19   32.81   22.52   13.93    3.91    2.90    2.55     29.76     20.72     12.62       3.51       2.64       2.33     35.82     24.78     15.23       4.50       3.23       2.82 0.000000000000000
 153.000000  153.041667 2010 2010  978.50  304.46   45.57   28.46   19.71   12.87    3.64    2.54    2.31     26.62     18.73     12.28       3.45       2.37       2.06     30.09     20.75     13.34       3.85       2.72       2.49 0.000000000000000
 153.041667  153.083333 2010 2010  978.74  304.88   45.69   25.77   17.60   11.28    2.57    2.41    2.10     24.91     17.10     10.65       2.10       2.28       1.96     26.30     17.98     11.80       2.95       2.54       2.21 0.000000000000000
 153.083333  153.125000 2010 2010  979.14  304.79   45.57   26.97   18.53   11.91    3.09    2.51    2.45     25.86     17.54     11.33       2.61       2.30       2.30     28.32     19.55     12.43       3.58       2.72       2.66 0.000000000000000
 153.125000  153.166667 2010 2010  979.23  304.70   45.46   27.33   18.95   12.55    3.12    2.61    2.26     26.32     18.17     11.97       2.90       2.45       2.19     27.84     19.63     13.25       3.34       2.77       2.35 0.000000000000000
 153.166667  153.208333 2010 2010  979.03  304.54   45.59   25.81   18.11   11.66    2.90    2.45    1.92     25.18     17.70     11.40       2.60       2.20       1.77     26.48     18.55     12.14       3.12       2.62       2.07 0.000000000000000
 153.208333  153.250000 2010 2010  979.02  304.31   46.10   27.82   18.95   12.38    3.10    2.55    2.04     26.87     18.29     11.64       2.66       2.34       1.84     29.07     19.60     13.43       3.49       2.73       2.33 0.000000000000000
 153.250000  153.291667 2010 2010  978.51  304.13   46.14   39.39   27.54   17.53    4.48    3.60    2.76     31.68     22.29     14.02       3.85       3.18       2.30     47.23     33.00     21.00       5.24       4.08       3.11 0.000000000000000
 153.291667  153.333333 2010 2010  978.56  303.89   46.64   41.77   29.28   18.88    4.32    3.63    2.94     39.20     27.67     17.68       3.80       3.39       2.75     44.20     31.14     19.87       4.85       3.88       3.05 0.000000000000000
 153.333333  153.375000 2010 2010  978.71  303.81   47.11   34.30   24.02   15.77    3.72    3.02    2.74     28.17     20.14     13.42       3.15       2.67       2.46     39.47     27.08     17.38       4.29       3.32       3.02 0.000000000000000
 153.375000  153.416667 2010 2010  978.75  303.79   47.10   32.09   22.93   15.93    3.77    2.98    2.67     28.84     21.28     14.86       3.36       2.78       2.32     34.60     24.69     17.16       4.13       3.18       2.94 0.000000000000000
 153.416667  153.458333 2010 2010  979.23  303.65   47.38   42.37   30.22   19.81    4.62    3.58    3.29     36.85     26.36     17.28       3.97       3.27       3.06     45.48     32.74     21.56       5.04       3.89       3.61 0.000000000000000
 153.458333  153.500000 2010 2010  979.85  303.52   48.85   51.20   36.73   24.50    5.32    4.26    3.82     48.79     35.00     23.75       4.97       4.07       3.55     53.56     38.88     25.35       5.63       4.43       4.09 0.000000000000000
 153.500000  153.541667 2010 2010  980.17  303.92   49.85   33.76   24.29   16.32    3.92    3.11    2.67     31.56     22.71     15.17       3.45       2.96       2.33     36.20     25.67     17.40       4.43       3.25       2.93 0.000000000000000
 153.541667  153.583333 2010 2010  980.44  304.39   48.44   32.83   23.09   15.38    3.77    3.17    2.78     31.78     22.42     14.71       3.48       2.96       2.55     34.25     23.88     16.15       4.16       3.36       3.06 0.000000000000000
 153.583333  153.625000 2010 2010  980.86  304.54   47.48   34.24   23.97   16.00    4.33    3.23    2.76     32.03     23.08     15.44       4.01       3.03       2.45     34.39     24.21     16.13       4.69       3.43       3.04 0.000000000000000
 153.625000  153.666667 2010 2010  980.40  304.52   48.65   50.45   33.37   20.37    5.69    4.56    3.95     45.35     30.65     18.91       5.28       4.38       3.68     53.51     35.05     21.42       6.14       4.85       4.24 0.000000000000000
 153.666667  153.708333 2010 2010  980.41  304.17   50.91  134.26  103.30   74.27   11.25    9.30    8.59     74.16     52.02     33.96       7.61       6.08       5.28    160.52    126.25     92.60      13.15      11.00      10.20 0.000000000000000
 153.708333  153.750000 2010 2010  980.53  304.14   49.90  150.41  115.70   81.97   12.46   10.01    9.27    134.10     99.09     67.81      11.28       8.95       8.27    165.76    130.87     95.92      13.54      11.19      10.38 0.000000000000000
 153.750000  153.791667 2010 2010  980.62  304.03   47.66   82.44   59.55   39.50    8.04    6.25    5.55     76.57     56.00     37.16       7.06       5.68       4.94     97.75     71.09     45.70       9.07       7.15       6.35 0.000000000000000
 153.791667  153.833333 2010 2010  980.67  303.84   47.11   91.00   67.73   46.72    8.69    6.45    5.88     81.92     60.60     40.75       7.91       5.90       5.37    102.99     77.59     54.24       9.65       7.16       6.41 0.000000000000000
 153.833333  153.875000 2010 2010  980.18  303.68   47.26   89.09   66.27   44.68    8.45    6.53    5.75     84.32     62.60     40.83       7.81       6.25       5.53     95.12     71.04     47.57       9.00       6.91       6.01 0.000000000000000
 153.875000  153.916667 2010 2010  980.09  303.67   47.56   88.19   64.16   42.77    8.44    6.67    5.82     85.72     61.95     40.64       7.93       6.37       5.26     90.25     66.43     43.97       8.89       6.81       6.10 0.000000000000000
 153.916667  153.958333 2010 2010  979.84  303.62   46.16   79.72   57.07   37.37    8.05    6.24    5.50     76.25     54.00     34.96       7.58       5.82       5.15     84.48     60.82     40.17       8.69       6.66       5.88 0.000000000000000
 153.958333  154.000000 2010 2010  979.72  303.74   44.95   70.62   50.16   32.52    7.03    5.47    4.85     67.71     48.16     31.08       6.52       5.15       4.66     75.10     53.11     33.81       7.61       5.91       5.04 0.000000000000000
 154.000000  154.041667 2010 2010  980.12  304.24   50.97   63.27   44.72   29.09    6.60    5.29    4.33     60.93     43.27     28.39       6.28       5.10       4.13     64.88     45.95     30.05       6.92       5.55       4.56 0.000000000000000
 154.041667  154.083333 2010 2010  980.63  305.12   49.13   63.65   45.54   29.94    6.46    4.80    4.33     62.06     44.47     29.08       6.29       4.64       4.11     64.61     47.53     31.18       6.62       4.90       4.62 0.000000000000000
 154.083333  154.125000 2010 2010  981.18  305.26   49.18   64.04   44.95   28.52    6.64    5.05    4.44     56.31     39.23     24.57       6.01       4.54       3.95     71.51     50.53     31.96       7.28       5.54       4.82 0.000000000000000
 154.125000  154.166667 2010 2010  981.59  304.83   50.22   88.27   61.12   38.67    9.28    7.27    5.73     67.64     47.85     30.14       6.67       5.31       4.39    107.84     73.45     46.36      11.64       9.24       7.09 0.000000000000000
 154.166667  154.208333 2010 2010  981.51  304.59   47.38   72.83   51.54   33.34    7.01    5.70    4.87     44.63     30.50     19.84       5.65       4.43       3.64     93.34     66.60     43.05       8.26       6.53       5.88 0.000000000000000
 154.208333  154.250000 2010 2010  981.38  304.33   42.58   40.57   27.36   17.81    6.06    4.60    3.57     36.02     23.89     15.15       5.39       4.11       3.21     44.26     30.10     20.26       6.51       4.88       3.88 0.000000000000000
 154.250000  154.291667 2010 2010  980.91  303.90   41.48   45.30   29.74   18.68    6.71    4.95    3.76     43.39     28.53     18.08       6.39       4.70       3.53     46.63     30.68     19.38       7.00       5.17       3.99 0.000000000000000
 154.291667  154.333333 2010 2010  980.47  303.45   42.53   49.86   32.85   20.10    7.07    5.35    4.10     48.74     32.28     19.70       6.62       5.05       3.94     50.56     33.29     20.59       7.57       5.65       4.30 0.000000000000000
 154.333333  154.375000 2010 2010  980.52  302.95   43.34   52.58   35.23   21.74    7.32    5.53    4.24     50.53     34.13     21.13       6.85       5.26       3.99     54.29     35.98     22.31       7.88       5.82       4.46 0.000000000000000
 154.375000  154.416667 2010 2010  980.55  302.52   43.74   51.81   34.59   21.67    6.83    5.25    4.07     49.83     33.20     20.49       6.16       4.87       3.73     54.97     36.70     23.23       7.41       5.56       4.32 0.000000000000000
 154.416667  154.458333 2010 2010  980.61  302.10   44.05   46.88   31.87   20.26    6.15    4.60    3.74     46.27     31.25     19.75       5.76       4.34       3.61     48.03     32.50     20.98       6.40       4.74       3.88 0.000000000000000
 154.458333  154.500000 2010 2010  981.14  301.93   46.04   45.26   31.32   20.02    5.77    4.35    3.60     42.89     29.52     18.49       5.47       4.17       3.35     47.94     33.03     21.41       6.10       4.54       3.91 0.000000000000000
 154.500000  154.541667 2010 2010  981.73  302.62   50.04   81.76   61.34   42.78    8.19    6.42    5.75     63.01     44.51     30.51       7.10       5.31       4.68     93.81     71.71     52.13       9.01       7.37       6.53 0.000000000000000
 154.541667  154.583333 2010 2010  981.75  303.68   52.69   79.74   58.80   39.99    8.01    6.30    5.38     64.26     45.76     30.21       7.26       5.60       4.49     97.36     74.35     51.87       9.10       7.08       6.32 0.000000000000000
 154.583333  154.625000 2010 2010  981.50  303.76   55.67   71.95   48.85   30.15    8.24    6.12    5.09     67.45     46.18     28.34       7.77       5.76       4.73     76.55     51.46     31.15       8.74       6.49       5.48 0.000000000000000
 154.625000  154.666667 2010 2010  981.13  303.88   52.74  102.21   67.61   40.28   11.03    8.50    7.03     97.20     64.97     38.72       9.78       7.59       6.67    108.36     73.18     43.19      12.23       9.44       7.60 0.000000000000000
