ebas_nasa_ames_betsy/US0035R.20150826223157.20160117041718.nephelometer..pm10.33d.1h.US06L_TSI_3563_BND_pm10.US06L_scat_coef.lev2.nas
86 1001
Ogren, John
US06L, National Oceanic and Atmospheric Administration, NOAA/ESRL/GMD, "Earth System Research Laboratory, Global Monitoring Division", 325 Broadway, , CO 80305-3, Boulder, U.S.A.
Ogren, John
GAW-WDCA NOAA-ESRL
1 1
2015 01 01 2016 01 17
0
days from file reference point
23
1 1 1 1 1 1 1 1 1 1 1 1 1 1 1 1 1 1 1 1 1 1 1
999.999999 9999.99 999.99 9999.99 999.99 999.99 999.99 999.99 999.99 999.99 999.99 999.99 999.99 9999.99 9999.99 9999.99 9999.99 9999.99 9999.99 999.99 999.99 999.99 9.999999
end_time of measurement, days from the file reference point
pressure, hPa, Location=instrument internal, Statistics=arithmetic mean, Matrix=instrument, Detection limit=, Detection limit expl.=
relative_humidity, %, Location=instrument outlet, Statistics=arithmetic mean, Matrix=instrument, Detection limit=, Detection limit expl.=
temperature, K, Location=instrument outlet, Statistics=arithmetic mean, Matrix=instrument, Detection limit=, Detection limit expl.=
aerosol_light_backscattering_coefficient, 1/Mm, Wavelength=450.0 nm, Statistics=arithmetic mean
aerosol_light_backscattering_coefficient, 1/Mm, Wavelength=450.0 nm, Statistics=percentile:15.87
aerosol_light_backscattering_coefficient, 1/Mm, Wavelength=450.0 nm, Statistics=percentile:84.13
aerosol_light_backscattering_coefficient, 1/Mm, Wavelength=550.0 nm, Statistics=arithmetic mean
aerosol_light_backscattering_coefficient, 1/Mm, Wavelength=550.0 nm, Statistics=percentile:15.87
aerosol_light_backscattering_coefficient, 1/Mm, Wavelength=550.0 nm, Statistics=percentile:84.13
aerosol_light_backscattering_coefficient, 1/Mm, Wavelength=700.0 nm, Statistics=arithmetic mean
aerosol_light_backscattering_coefficient, 1/Mm, Wavelength=700.0 nm, Statistics=percentile:15.87
aerosol_light_backscattering_coefficient, 1/Mm, Wavelength=700.0 nm, Statistics=percentile:84.13
aerosol_light_scattering_coefficient, 1/Mm, Wavelength=450.0 nm, Statistics=arithmetic mean
aerosol_light_scattering_coefficient, 1/Mm, Wavelength=450.0 nm, Statistics=percentile:15.87
aerosol_light_scattering_coefficient, 1/Mm, Wavelength=450.0 nm, Statistics=percentile:84.13
aerosol_light_scattering_coefficient, 1/Mm, Wavelength=550.0 nm, Statistics=arithmetic mean
aerosol_light_scattering_coefficient, 1/Mm, Wavelength=550.0 nm, Statistics=percentile:15.87
aerosol_light_scattering_coefficient, 1/Mm, Wavelength=550.0 nm, Statistics=percentile:84.13
aerosol_light_scattering_coefficient, 1/Mm, Wavelength=700.0 nm, Statistics=arithmetic mean
aerosol_light_scattering_coefficient, 1/Mm, Wavelength=700.0 nm, Statistics=percentile:15.87
aerosol_light_scattering_coefficient, 1/Mm, Wavelength=700.0 nm, Statistics=percentile:84.13
numflag, no unit
0
49
Data definition:              EBAS_1.1
Set type code:                TI
Timezone:                     UTC
File name:                    US0035R.20150826223157.20160117041718.nephelometer..pm10.33d.1h.US06L_TSI_3563_BND_pm10.US06L_scat_coef.lev2.nas
File creation:                20190115074008
Startdate:                    20150826223157
Revision date:                20160117041718
Version:                      1
Version description:          "Version numbering not tracked, generated by CPD3 EBAS Export 5247 compiled at 2016-01-12T14:59:05 run as PID 16034 run by aerosol(100) on aero2.cmdl.noaa.gov with da.tasks --daily"
[...]
Zero/negative values code:    Zero/negative possible
Zero/negative values:         Zero and neg. values may appear due to statistical variations at very low concentrations
Originator:                   Ogren, John, John.A.Ogren@noaa.gov, National Oceanic and Atmospheric Administration/Earth System Research Laboratory/Global Monitoring Division, NOAA/ESRL/GMD, , 325 Broadway, , 80305, "Boulder, CO", USA
Submitter:                    Ogren, John, John.A.Ogren@noaa.gov, National Oceanic and Atmospheric Administration/Earth System Research Laboratory/Global Monitoring Division, NOAA/ESRL/GMD, , 325 Broadway, , 80305, "Boulder, CO", USA
Acknowledgement:              Request acknowledgement details from data originator
Comment:                      Standard Anderson & Ogren 1998 values used for truncation correction
starttime endtime P rH T aerosol_light_backscattering_coefficient aerosol_light_backscattering_coefficient aerosol_light_backscattering_coefficient aerosol_light_backscattering_coefficient aerosol_light_backscattering_coefficient aerosol_light_backscattering_coefficient aerosol_light_backscattering_coefficient aerosol_light_backscattering_coefficient aerosol_light_backscattering_coefficient aerosol_light_scattering_coefficient aerosol_light_scattering_coefficient aerosol_light_scattering_coefficient aerosol_light_scattering_coefficient aerosol_light_scattering_coefficient aerosol_light_scattering_coefficient aerosol_light_scattering_coefficient aerosol_light_scattering_coefficient aerosol_light_scattering_coefficient flag
[from data line 259]
248.708333 248.750000  987.30  32.75  310.97  13.37  12.71  14.01  10.50   9.98  11.00   8.82   8.47   9.28  153.22  148.05  159.92  101.94   97.89  106.91  58.58  56.35  61.09 0.000000
248.750000 248.791667  986.60  28.58  312.75  12.20  11.54  12.98   9.42   9.09   9.61   7.97   7.70   8.44  135.30  131.24  144.21   89.80   87.06   95.22  51.78  49.86  54.12 0.000000
248.791667 248.833333  985.66  25.91  314.18  12.23  11.99  12.58   9.51   9.20   9.84   8.03   7.42   8.52  135.94  134.37  137.54   90.49   88.84   92.14  52.62  51.91  53.29 0.000000
248.833333 248.875000  984.92  24.50  315.08  11.59  11.22  11.97   8.83   8.61   9.02   7.87   7.28   8.37  127.66  126.45  129.33   85.50   84.59   86.11  50.35  49.61  51.15 0.000000
248.875000 248.916667  984.65  24.05  315.50  11.11  10.52  11.58   8.81   8.44   9.07   7.49   6.78   8.09  125.52  119.35  129.61   83.78   79.92   86.79  48.14  45.94  49.84 0.000000
248.916667 248.958333  984.57  24.56  315.20  12.45   9.98  15.34   9.81   7.76  12.37   9.01   7.18  11.54  134.09  113.03  162.43   93.92   75.59  115.35  59.12  45.10  76.45 0.000000
248.958333 249.000000  984.25  25.95  314.49   9.86   9.61  10.20   7.40   7.13   7.67   6.95   6.67   7.28  106.51  104.37  107.76   71.97   70.68   73.46  42.59  41.57  44.10 0.000000
249.000000 249.041667  984.23  28.83  313.25   9.85   9.57  10.18   7.56   7.28   7.83   6.54   6.26   6.82  111.80  109.20  114.31   75.22   73.48   76.90  43.93  42.55  44.98 0.000000
249.041667 249.083333  984.55  33.30  311.27  10.21   9.92  10.47   7.91   7.73   8.17   6.94   6.58   7.29  118.05  116.15  119.83   79.78   78.52   80.94  47.06  46.29  47.85 0.000000
249.083333 249.125000  985.18  37.58  309.28  10.11   9.66  10.43   7.98   7.67   8.28   6.75   6.46   7.01  119.48  118.08  121.14   80.92   80.06   81.75  47.64  46.95  48.27 0.000000
249.125000 249.166667  985.64  41.99  307.38  10.69  10.26  11.24   8.33   8.11   8.52   7.06   6.67   7.39  121.95  120.49  123.64   82.98   82.07   84.16  49.43  48.69  50.31 0.000000
249.166667 249.208333  985.38  45.66  305.78  11.00  10.79  11.26   8.51   8.32   8.77   7.32   7.06   7.57  126.52  125.01  128.01   86.62   85.66   87.53  51.32  50.78  51.79 0.000000
249.208333 249.250000  985.73  47.83  304.89  11.03  10.73  11.42   8.66   8.41   8.92   7.67   7.40   7.95  131.00  130.40  132.05   90.12   89.43   90.98  54.09  53.39  54.61 0.000000
249.250000 249.291667  985.69  48.89  304.44  10.94  10.65  11.15   8.65   8.44   8.88   7.92   7.65   8.05  132.18  131.09  133.23   90.92   90.17   91.51  55.01  54.06  56.05 0.000000
249.291667 249.333333  985.57  49.86  304.25  11.34  10.93  11.87   8.83   8.54   9.16   7.90   7.61   8.22  136.21  134.17  138.84   94.01   92.83   95.48  57.09  56.27  57.75 0.000000
249.333333 249.375000  985.29  50.09  304.13  12.03  11.64  12.43   9.10   8.81   9.30   7.96   7.71   8.16  139.91  138.39  141.24   96.61   95.49   97.87  58.66  57.87  59.49 0.000000
249.375000 249.416667  985.59  49.87  304.06  11.61  11.23  11.94   9.25   9.05   9.44   8.16   7.94   8.32  140.85  139.40  141.34   97.48   96.25   98.76  59.11  58.33  59.72 0.000000
249.416667 249.458333  986.04  50.26  304.05  12.17  11.68  12.62   9.43   9.25   9.63   8.22   7.91   8.51  144.41  143.00  146.33   99.90   99.14  100.86  60.40  59.60  61.22 0.000000
249.458333 249.500000  986.35  50.26  304.07  12.13  11.84  12.34   9.33   9.11   9.57   8.37   8.16   8.62  147.02  145.89  148.23  101.75  101.07  102.81  61.65  61.04  62.36 0.000000
249.500000 249.541667  986.62  52.77  304.09  12.14  11.73  12.60   9.58   9.21   9.96   8.35   7.96   8.63  149.95  142.73  157.62  103.81   99.28  109.78  62.87  59.48  66.52 0.000000
249.541667 249.583333  986.69  55.55  304.37  14.34  13.74  14.82  11.13  10.64  11.52   9.69   9.32  10.04  177.33  168.90  182.03  123.45  118.14  126.45  74.91  70.91  77.31 0.000000
249.583333 249.625000  986.61  54.22  304.85  14.26  13.85  14.57  11.07  10.81  11.34   9.88   9.59  10.22  175.45  168.97  180.77  121.96  117.42  126.14  74.80  71.59  78.38 0.000000
249.625000 249.666667  986.17  47.58  306.65  13.44  13.07  13.83  10.08   9.73  10.47   9.08   8.87   9.37  155.68  152.41  158.76  107.52  105.13  109.77  64.89  63.54  66.07 0.000000
249.666667 249.708333  985.71  39.87  308.91  12.74  12.18  13.25   9.75   9.24  10.21   8.50   7.95   9.13  144.44  136.63  152.16   98.97   93.89  105.53  59.18  55.79  63.25 0.000000
249.708333 249.750000  984.96  34.59  310.94  12.61  12.19  13.08   9.71   9.46   9.92   8.38   7.99   8.61  139.70  136.78  142.22   95.08   93.23   97.41  56.41  55.03  58.00 0.000000
249.750000 249.791667  984.24  30.47  312.54  11.73  11.26  12.28   8.94   8.58   9.23   7.98   7.52   8.38  128.36  124.47  131.42   87.48   84.68   89.67  51.92  49.80  53.51 0.000000
249.791667 249.833333  983.68  27.12  313.63  11.69  11.05  12.26   9.06   8.82   9.35   7.66   6.83   8.24  126.64  123.31  131.60   85.97   82.84   89.79  51.16  48.74  53.71 0.000000
249.833333 249.875000  982.94  24.83  314.51  11.01  10.48  11.39   8.47   8.11   8.77   7.18   6.75   7.65  119.21  115.64  122.52   80.88   78.17   83.30  47.27  45.63  49.00 0.000000
249.875000 249.916667  982.41  24.67  315.11  10.41  10.06  10.80   8.03   7.79   8.23   6.70   6.27   7.37  114.02  112.73  115.61   77.66   76.30   78.85  46.05  44.80  46.97 0.000000
249.916667 249.958333  982.73  25.55  314.73  10.18   9.71  10.61   7.80   7.60   8.08   6.49   5.92   7.16  113.38  112.13  114.98   77.07   76.36   78.78  45.55  44.93  46.83 0.000000
249.958333 250.000000  983.05  28.97  313.67   9.05   8.26   9.80   7.00   6.65   7.41   6.22   5.52   6.95  101.39   93.07  109.10   69.42   64.80   75.15  41.32  38.74  44.69 0.000000
250.000000 250.041667  983.49  32.44  312.50  11.36   9.45  12.58   8.88   7.26   9.75   7.44   6.15   8.46  127.67  102.17  140.16   87.56   69.51   96.85  52.53  40.52  58.36 0.000000
250.041667 250.083333  984.13  34.83  310.72  10.72   9.36  12.05   8.28   7.15   9.18   7.03   5.96   8.02  120.35  102.10  133.92   82.48   70.05   92.31  49.71  42.00  55.89 0.000000
250.083333 250.125000  984.13  38.67  308.86  10.01   9.50  10.62   7.92   7.60   8.20   6.97   6.57   7.22  113.84  109.70  118.03   78.84   76.10   82.27  47.96  46.25  50.25 0.000000
250.125000 250.166667  984.17  43.39  307.24   9.06   8.70   9.55   7.06   6.79   7.36   6.39   6.07   6.72  105.83  103.92  107.31   72.93   71.40   74.18  44.06  43.50  44.96 0.000000
250.166667 250.208333  984.45  47.02  305.82   9.76   9.24  10.30   7.76   7.38   8.29   6.61   6.28   7.08  116.07  112.00  120.47   80.23   76.79   83.77  48.37  46.69  50.82 0.000000
250.208333 250.250000  984.91  49.71  304.93  10.62  10.19  10.99   8.45   8.26   8.70   7.40   7.14   7.65  126.83  124.77  128.84   88.13   86.93   89.22  53.83  52.86  54.66 0.000000
250.250000 250.291667  984.64  51.47  304.49  11.42  11.08  11.80   9.13   8.87   9.33   7.80   7.54   8.17  135.15  133.57  137.00   93.71   92.36   95.13  57.40  56.53  58.19 0.000000
250.291667 250.333333  984.37  52.33  304.25  12.07  11.72  12.49   9.40   9.19   9.66   8.25   7.95   8.58  141.81  140.29  143.38   99.17   97.91  100.07  61.04  59.82  61.94 0.000000
250.333333 250.375000  984.07  52.11  304.21  12.53  11.99  13.10   9.89   9.43  10.32   8.63   8.23   8.98  147.31  141.94  152.31  103.53  100.08  107.55  64.16  62.11  66.20 0.000000
250.375000 250.416667  983.66  52.46  304.15  12.98  12.18  13.69  10.04   9.32  10.61   9.08   8.53   9.52  156.12  144.67  165.14  110.52  101.81  118.12  68.67  63.23  73.66 0.000000
250.416667 250.458333  983.49  52.96  304.15  13.85  13.55  14.12  10.71  10.51  10.85   9.47   9.09   9.76  169.17  167.18  170.76  119.87  118.22  121.15  74.90  74.20  75.72 0.000000
250.458333 250.500000  983.31  52.78  304.13  13.36  12.96  13.71  10.45  10.25  10.70   9.21   8.82   9.48  164.70  162.58  167.02  116.86  115.56  118.15  72.69  71.82  73.28 0.000000
250.500000 250.541667  983.32  53.07  304.14  12.87  12.46  13.25   9.82   9.54  10.09   8.54   8.21   8.83  158.06  155.25  160.50  111.94  109.41  113.95  69.40  68.09  71.15 0.000000
250.541667 250.583333  982.93  53.41  304.36  11.92  11.42  12.38   9.51   9.27   9.72   8.25   7.91   8.72  148.68  144.02  153.32  105.49  102.09  109.04  66.13  64.04  68.53 0.000000
250.583333 250.625000  982.30  50.37  304.97  11.33  10.77  11.80   8.92   8.67   9.15   8.05   7.79   8.35  135.97  133.89  137.43   97.45   95.50   98.69  61.58  60.22  62.40 0.000000
250.625000 250.666667  981.70  43.57  306.45  10.86  10.51  11.31   8.86   8.54   9.21   7.96   7.47   8.48  129.42  126.37  131.46   93.70   91.17   95.72  60.76  58.80  62.68 0.000000
250.666667 250.708333  981.02  39.11  308.27  12.58  12.22  13.05  10.05   9.55  10.49   8.97   8.69   9.31  142.69  140.29  146.60  101.23   98.91  103.64  64.29  62.55  66.23 0.000000
250.708333 250.750000  980.25  35.96  309.93  12.50  11.61  13.10  10.05   9.40  10.64   8.65   8.12   9.25  138.25  131.19  145.43   98.06   93.46  103.19  61.88  58.98  65.18 0.000000
250.750000 250.791667  979.48  33.51  311.01  11.95  11.49  12.44   9.36   9.06   9.74   8.08   7.71   8.42  127.30  124.96  127.14   90.22   88.61   90.82  57.03  55.63  58.16 0.000000
250.791667 250.833333  979.73  37.33  311.30   9.81   7.71  12.01   7.66   6.47   9.25   7.24   6.29   8.42  104.68   85.52  127.77   74.86   61.74   89.57  49.00  41.02  57.28 0.456000
250.833333 250.875000  980.65  37.33  309.79   2.85   1.92   4.24   2.05   1.28   3.21   1.95   1.21   2.86   25.11   16.12   40.34   19.44   12.71   30.95  14.29   9.12  21.46 0.456000
250.875000 250.916667  980.55  42.82  307.48   1.38   1.02   1.73   1.26   0.96   1.51   1.12   0.77   1.42   14.44   11.95   17.43   11.31    9.29   13.59   8.47   6.89   9.83 0.000000
250.916667 250.958333  980.72  47.78  305.63   1.67   1.40   1.92   1.38   1.18   1.56   1.36   1.05   1.61   16.67   14.78   18.23   12.62   11.53   13.89   9.36   8.56  10.42 0.000000
250.958333 251.000000  981.16  49.69  304.78   1.86   1.46   2.18   1.52   1.31   1.71   1.33   1.04   1.56   17.45   16.89   18.25   13.21   12.69   13.98   9.42   8.98   9.99 0.000000
251.000000 251.041667  981.53  51.18  304.43   2.73   2.04   3.24   2.30   1.88   2.78   2.13   1.68   2.64   25.02   19.46   29.77   19.47   15.18   23.29  14.81  12.10  17.90 0.000000
251.041667 251.083333  981.67  52.47  304.27   3.59   3.14   3.90   3.19   2.93   3.52   3.09   2.87   3.38   32.36   29.08   36.04   25.60   22.87   28.54  19.51  17.62  20.73 0.000000
251.083333 251.125000  982.14  54.54  304.23   3.66   3.28   4.18   3.19   2.83   3.59   3.16   2.73   3.52   34.77   31.11   37.71   27.87   24.70   30.23  21.66  18.83  23.98 0.000000
251.125000 251.166667  982.06  54.30  304.22   4.97   4.61   5.35   4.59   4.28   4.88   5.10   4.82   5.44   36.97   34.75   39.48   33.93   32.60   35.52  31.14  30.14  32.22 0.000000
251.166667 251.208333  982.01  52.74  304.21   4.78   4.35   5.05   4.66   4.46   4.82   5.01   4.72   5.33   34.43   33.78   35.06   31.72   30.92   32.45  29.66  28.87  30.46 0.000000
251.208333 251.250000  982.16  52.24  304.18   5.65   4.98   6.11   5.15   4.84   5.43   5.52   5.28   5.94   40.56   36.21   43.26   37.35   33.34   39.62  34.26  30.77  36.10 0.000000
251.250000 251.291667  982.09  52.04  304.17   6.36   5.81   6.85   5.94   5.48   6.33   6.24   5.59   6.80   47.05   43.79   49.60   42.16   38.32   44.45  38.87  35.75  41.08 0.000000
251.291667 251.333333  982.21  52.09  304.18   6.45   6.14   6.88   6.19   5.90   6.55   6.33   5.86   6.71   48.63   47.30   49.98   44.25   42.94   45.80  40.64  39.60  42.01 0.000000
251.333333 251.375000  982.32  52.51  304.22   6.49   5.96   6.84   5.90   5.59   6.24   6.33   5.91   6.76   46.16   44.78   47.46   42.41   41.42   43.55  40.12  39.06  40.99 0.000000
251.375000 251.416667  982.37  53.20  304.26   7.16   6.56   7.87   6.93   6.43   7.39   7.21   6.75   7.85   57.32   50.63   66.42   50.96   46.82   57.48  46.17  43.66  50.19 0.000000
251.416667 251.458333  982.93  52.66  304.22   5.90   4.97   6.69   5.35   4.74   6.05   5.31   4.81   6.14   56.38   52.07   60.98   44.69   40.73   49.42  34.70  31.61  39.60 0.000000
251.458333 251.500000  983.37  50.98  304.17   5.37   5.01   5.76   4.59   4.31   4.85   4.24   3.95   4.46   50.90   49.22   52.85   39.28   37.79   40.39  29.43  28.59  29.95 0.000000
251.500000 251.541667  983.85  50.71  304.15   5.54   4.79   5.94   4.62   4.24   5.14   4.38   3.88   4.80   57.41   50.57   65.82   43.61   39.30   50.23  31.04  28.26  35.44 0.000000
251.541667 251.583333  984.18  51.60  304.14   7.74   7.23   8.27   6.10   5.78   6.42   5.62   5.22   5.81   87.64   80.80   92.67   66.76   61.08   70.74  46.39  42.75  48.98 0.000000
251.583333 251.625000  984.45  51.97  304.24   7.10   6.69   7.52   6.17   5.79   6.51   5.58   5.25   5.80   86.65   81.18   93.16   65.84   60.96   70.62  46.20  42.14  49.40 0.000000
251.625000 251.666667  984.73  50.34  304.28   4.75   3.84   5.85   3.78   3.13   4.48   3.36   2.92   3.99   44.35   37.82   49.59   31.75   27.11   36.02  21.18  19.01  23.63 0.000000
251.666667 251.708333  984.66  48.96  304.47   3.76   3.30   4.26   3.02   2.64   3.43   2.36   2.07   2.58   33.30   30.21   36.90   23.39   21.39   25.43  15.24  14.26  16.65 0.000000
251.708333 251.750000  984.48  46.90  304.74   3.02   2.68   3.28   2.41   2.18   2.66   2.07   1.79   2.36   28.80   25.88   30.78   20.07   18.08   21.18  13.24  11.92  14.35 0.000000
251.750000 251.791667  984.11  44.74  305.21   3.21   2.82   3.63   2.58   2.44   2.81   2.01   1.75   2.24   27.20   25.99   28.12   18.92   17.91   19.97  12.29  11.42  13.13 0.000000
251.791667 251.833333  983.60  41.91  305.98   3.25   2.86   3.59   2.70   2.51   2.96   2.15   1.76   2.45   26.59   25.75   27.62   17.77   16.96   18.39  11.01  10.18  11.74 0.000000
251.833333 251.875000  982.87  37.97  306.96   3.25   2.89   3.69   2.47   2.19   2.71   1.96   1.66   2.30   24.84   22.99   26.34   16.66   15.59   17.52  10.63   9.88  11.36 0.000000
251.875000 251.916667  982.46  34.38  307.79   3.18   2.96   3.43   2.31   2.08   2.61   1.76   1.52   2.06   24.02   23.33   26.09   15.88   15.26   17.08   9.73   8.74  10.28 0.000000
251.916667 251.958333  982.56  32.67  308.40   3.66   3.21   4.01   2.82   2.60   3.07   2.20   1.84   2.53   27.30   25.23   28.89   18.03   16.86   18.72  10.79  10.04  11.45 0.000000
251.958333 252.000000  982.74  32.46  308.41   4.27   3.94   4.60   3.22   3.00   3.41   2.78   2.42   3.12   32.22   31.53   33.80   21.16   20.37   21.94  12.89  12.29  13.52 0.000000
252.000000 252.041667  982.80  35.01  307.42   4.76   4.46   5.07   3.53   3.37   3.71   2.82   2.58   2.99   36.64   35.64   38.54   23.76   23.06   24.55  13.88  13.34  14.44 0.000000
252.041667 252.083333  983.30  38.68  305.75   5.41   5.08   5.75   4.17   3.92   4.48   3.37   3.10   3.56   43.36   40.13   45.96   28.24   26.31   29.91  16.80  15.87  17.68 0.000000
252.083333 252.125000  983.38  42.00  304.66   5.40   5.06   5.71   4.34   4.10   4.51   3.41   3.22   3.61   43.44   41.91   44.92   28.39   27.54   29.16  17.11  16.57  17.59 0.000000
252.125000 252.166667  983.58  43.15  304.24   5.51   5.14   5.77   4.21   4.01   4.36   3.54   3.34   3.73   44.73   43.95   45.57   29.12   28.62   29.63  17.07  16.53  17.45 0.000000
252.166667 252.208333  983.64  42.32  304.16   5.25   4.84   5.67   4.18   4.04   4.41   3.49   3.27   3.68   47.15   44.99   49.93   30.99   29.65   32.42  18.65  17.54  19.95 0.000000
252.208333 252.250000  983.48  41.49  303.83   5.74   5.44   6.04   4.50   4.27   4.68   3.85   3.57   4.09   51.26   50.38   52.13   34.21   33.61   34.70  20.56  20.18  20.90 0.000000
